# t,x,y,u1,u2,c
0.000000000000000000e+00,0.000000000000000000e+00,1.000000014901161194e-01,6.755824089050292969e-01,5.706270337104797363e-01,7.815202474594116211e-01
0.000000000000000000e+00,5.444444715976715088e-02,1.000000014901161194e-01,4.444347321987152100e-01,2.565041184425354004e-01,8.555804491043090820e-01
0.000000000000000000e+00,1.088888943195343018e-01,1.000000014901161194e-01,2.432911694049835205e-01,-3.727364540100097656e-02,9.114710092544555664e-01
0.000000000000000000e+00,1.633333414793014526e-01,1.000000014901161194e-01,7.767489552497863770e-02,-2.807244956493377686e-01,9.517413377761840820e-01
0.000000000000000000e+00,2.177777886390686035e-01,1.000000014901161194e-01,-5.701971054077148438e-02,-4.779534339904785156e-01,9.789134860038757324e-01
0.000000000000000000e+00,2.722222208976745605e-01,1.000000014901161194e-01,-1.674027144908905029e-01,-6.432399153709411621e-01,9.948257803916931152e-01
0.000000000000000000e+00,3.266666531562805176e-01,1.000000014901161194e-01,-2.591108381748199463e-01,-7.882202863693237305e-01,1.001220703125000000e+00
0.000000000000000000e+00,3.811111152172088623e-01,1.000000014901161194e-01,-3.363535702228546143e-01,-9.195826053619384766e-01,1.000016927719116211e+00
0.000000000000000000e+00,4.355555772781372070e-01,1.000000014901161194e-01,-4.021500051021575928e-01,-1.040383577346801758e+00,9.931887984275817871e-01
0.000000000000000000e+00,4.900000095367431641e-01,1.000000014901161194e-01,-4.586194157600402832e-01,-1.151719808578491211e+00,9.825577139854431152e-01
0.000000000000000000e+00,5.099999904632568359e-01,1.000000014901161194e-01,-4.773266911506652832e-01,-1.190310478210449219e+00,9.780096411705017090e-01
0.000000000000000000e+00,5.644444227218627930e-01,1.000000014901161194e-01,-5.233078002929687500e-01,-1.289149045944213867e+00,9.645730853080749512e-01
0.000000000000000000e+00,6.188888549804687500e-01,1.000000014901161194e-01,-5.626987814903259277e-01,-1.379022836685180664e+00,9.503802657127380371e-01
0.000000000000000000e+00,6.733333468437194824e-01,1.000000014901161194e-01,-5.961126089096069336e-01,-1.460213422775268555e+00,9.361779689788818359e-01
0.000000000000000000e+00,7.277777791023254395e-01,1.000000014901161194e-01,-6.240192651748657227e-01,-1.533158063888549805e+00,9.224677085876464844e-01
0.000000000000000000e+00,7.822222113609313965e-01,1.000000014901161194e-01,-6.468245983123779297e-01,-1.598411321640014648e+00,9.095676541328430176e-01
0.000000000000000000e+00,8.366666436195373535e-01,1.000000014901161194e-01,-6.649186611175537109e-01,-1.656597614288330078e+00,8.976621031761169434e-01
0.000000000000000000e+00,8.911111354827880859e-01,1.000000014901161194e-01,-6.786943674087524414e-01,-1.708366155624389648e+00,8.868441581726074219e-01
0.000000000000000000e+00,9.455555677413940430e-01,1.000000014901161194e-01,-6.885581612586975098e-01,-1.754362344741821289e+00,8.771417140960693359e-01
0.000000000000000000e+00,1.000000000000000000e+00,1.000000014901161194e-01,-6.949206590652465820e-01,-1.795202016830444336e+00,8.685404062271118164e-01
5.000000074505805969e-02,0.000000000000000000e+00,1.000000014901161194e-01,6.337256431579589844e-01,7.391052842140197754e-01,8.551974892616271973e-01
5.000000074505805969e-02,5.444444715976715088e-02,1.000000014901161194e-01,4.158645570278167725e-01,4.291114211082458496e-01,9.229677915573120117e-01
5.000000074505805969e-02,1.088888943195343018e-01,1.000000014901161194e-01,2.194415032863616943e-01,1.280879378318786621e-01,9.743410348892211914e-01
5.000000074505805969e-02,1.633333414793014526e-01,1.000000014901161194e-01,5.365529656410217285e-02,-1.261823177337646484e-01,1.010611295700073242e+00
5.000000074505805969e-02,2.177777886390686035e-01,1.000000014901161194e-01,-8.289223909378051758e-02,-3.329482376575469971e-01,1.033559918403625488e+00
5.000000074505805969e-02,2.722222208976745605e-01,1.000000014901161194e-01,-1.951639950275421143e-01,-5.056188106536865234e-01,1.045049905776977539e+00
5.000000074505805969e-02,3.266666531562805176e-01,1.000000014901161194e-01,-2.881134152412414551e-01,-6.566106081008911133e-01,1.047105550765991211e+00
5.000000074505805969e-02,3.811111152172088623e-01,1.000000014901161194e-01,-3.657301068305969238e-01,-7.935451269149780273e-01,1.041890740394592285e+00
5.000000074505805969e-02,4.355555772781372070e-01,1.000000014901161194e-01,-4.310548007488250732e-01,-9.200720787048339844e-01,1.031519532203674316e+00
5.000000074505805969e-02,4.900000095367431641e-01,1.000000014901161194e-01,-4.863581359386444092e-01,-1.037505865097045898e+00,1.017860889434814453e+00
5.000000074505805969e-02,5.099999904632568359e-01,1.000000014901161194e-01,-5.045024156570434570e-01,-1.078425645828247070e+00,1.012330055236816406e+00
5.000000074505805969e-02,5.644444227218627930e-01,1.000000014901161194e-01,-5.487031340599060059e-01,-1.183759570121765137e+00,9.965530633926391602e-01
5.000000074505805969e-02,6.188888549804687500e-01,1.000000014901161194e-01,-5.861063003540039062e-01,-1.280190229415893555e+00,9.804713129997253418e-01
5.000000074505805969e-02,6.733333468437194824e-01,1.000000014901161194e-01,-6.174900531768798828e-01,-1.367792129516601562e+00,9.647761583328247070e-01
5.000000074505805969e-02,7.277777791023254395e-01,1.000000014901161194e-01,-6.434439420700073242e-01,-1.446834325790405273e+00,9.499111175537109375e-01
5.000000074505805969e-02,7.822222113609313965e-01,1.000000014901161194e-01,-6.644477844238281250e-01,-1.517758846282958984e+00,9.361359477043151855e-01
5.000000074505805969e-02,8.366666436195373535e-01,1.000000014901161194e-01,-6.809242963790893555e-01,-1.581131219863891602e+00,9.235827326774597168e-01
5.000000074505805969e-02,8.911111354827880859e-01,1.000000014901161194e-01,-6.932753324508666992e-01,-1.637585878372192383e+00,9.122959375381469727e-01
5.000000074505805969e-02,9.455555677413940430e-01,1.000000014901161194e-01,-7.018935084342956543e-01,-1.687779664993286133e+00,9.022632241249084473e-01
5.000000074505805969e-02,1.000000000000000000e+00,1.000000014901161194e-01,-7.071673870086669922e-01,-1.732362270355224609e+00,8.934352397918701172e-01
1.000000014901161194e-01,0.000000000000000000e+00,1.000000014901161194e-01,5.950905084609985352e-01,8.873377442359924316e-01,9.139089584350585938e-01
1.000000014901161194e-01,5.444444715976715088e-02,1.000000014901161194e-01,3.919712603092193604e-01,5.839740633964538574e-01,9.755465984344482422e-01
1.000000014901161194e-01,1.088888943195343018e-01,1.000000014901161194e-01,2.015670835971832275e-01,2.780759930610656738e-01,1.022569656372070312e+00
1.000000014901161194e-01,1.633333414793014526e-01,1.000000014901161194e-01,3.616866469383239746e-02,1.420867443084716797e-02,1.055354714393615723e+00
1.000000014901161194e-01,2.177777886390686035e-01,1.000000014901161194e-01,-1.022838354110717773e-01,-2.013023495674133301e-01,1.074928283691406250e+00
1.000000014901161194e-01,2.722222208976745605e-01,1.000000014901161194e-01,-2.168681323528289795e-01,-3.802817463874816895e-01,1.083089113235473633e+00
1.000000014901161194e-01,3.266666531562805176e-01,1.000000014901161194e-01,-3.117005527019500732e-01,-5.356885790824890137e-01,1.082070469856262207e+00
1.000000014901161194e-01,3.811111152172088623e-01,1.000000014901161194e-01,-3.904487788677215576e-01,-6.761682629585266113e-01,1.074206113815307617e+00
1.000000014901161194e-01,4.355555772781372070e-01,1.000000014901161194e-01,-4.560919702053070068e-01,-8.061969876289367676e-01,1.061666369438171387e+00
1.000000014901161194e-01,4.900000095367431641e-01,1.000000014901161194e-01,-5.109859704971313477e-01,-9.275547266006469727e-01,1.046290874481201172e+00
1.000000014901161194e-01,5.099999904632568359e-01,1.000000014901161194e-01,-5.288283824920654297e-01,-9.700585007667541504e-01,1.040229201316833496e+00
1.000000014901161194e-01,5.644444227218627930e-01,1.000000014901161194e-01,-5.718918442726135254e-01,-1.080081105232238770e+00,1.023239135742187500e+00
1.000000014901161194e-01,6.188888549804687500e-01,1.000000014901161194e-01,-6.078418493270874023e-01,-1.181635499000549316e+00,1.006227612495422363e+00
1.000000014901161194e-01,6.733333468437194824e-01,1.000000014901161194e-01,-6.376206278800964355e-01,-1.274597644805908203e+00,9.898270964622497559e-01
1.000000014901161194e-01,7.277777791023254395e-01,1.000000014901161194e-01,-6.619462370872497559e-01,-1.359030961990356445e+00,9.744347333908081055e-01
1.000000014901161194e-01,7.822222113609313965e-01,1.000000014901161194e-01,-6.813885569572448730e-01,-1.435204982757568359e+00,9.602752923965454102e-01
1.000000014901161194e-01,8.366666436195373535e-01,1.000000014901161194e-01,-6.964247226715087891e-01,-1.503560066223144531e+00,9.474526047706604004e-01
1.000000014901161194e-01,8.911111354827880859e-01,1.000000014901161194e-01,-7.074805498123168945e-01,-1.564650058746337891e+00,9.359883069992065430e-01
1.000000014901161194e-01,9.455555677413940430e-01,1.000000014901161194e-01,-7.149509191513061523e-01,-1.619094133377075195e+00,9.258501529693603516e-01
1.000000014901161194e-01,1.000000000000000000e+00,1.000000014901161194e-01,-7.192164659500122070e-01,-1.667533397674560547e+00,9.169728159904479980e-01
1.500000059604644775e-01,0.000000000000000000e+00,1.000000014901161194e-01,5.600761175155639648e-01,1.016146659851074219e+00,9.576371908187866211e-01
1.500000059604644775e-01,5.444444715976715088e-02,1.000000014901161194e-01,3.724779188632965088e-01,7.217736840248107910e-01,1.013613104820251465e+00
1.500000059604644775e-01,1.088888943195343018e-01,1.000000014901161194e-01,1.891876757144927979e-01,4.135029911994934082e-01,1.056639432907104492e+00
1.500000059604644775e-01,1.633333414793014526e-01,1.000000014901161194e-01,2.475276589393615723e-02,1.413170099258422852e-01,1.086541414260864258e+00
1.500000059604644775e-01,2.177777886390686035e-01,1.000000014901161194e-01,-1.156065165996551514e-01,-8.240884542465209961e-02,1.103591680526733398e+00
1.500000059604644775e-01,2.722222208976745605e-01,1.000000014901161194e-01,-2.328726053237915039e-01,-2.671334743499755859e-01,1.109420537948608398e+00
1.500000059604644775e-01,3.266666531562805176e-01,1.000000014901161194e-01,-3.301701545715332031e-01,-4.259652793407440186e-01,1.106407880783081055e+00
1.500000059604644775e-01,3.811111152172088623e-01,1.000000014901161194e-01,-4.107478260993957520e-01,-5.685179829597473145e-01,1.097024798393249512e+00
1.500000059604644775e-01,4.355555772781372070e-01,1.000000014901161194e-01,-4.774524569511413574e-01,-7.002270221710205078e-01,1.083465337753295898e+00
1.500000059604644775e-01,4.900000095367431641e-01,1.000000014901161194e-01,-5.326688289642333984e-01,-8.235452175140380859e-01,1.067500352859497070e+00
1.500000059604644775e-01,5.099999904632568359e-01,1.000000014901161194e-01,-5.504653453826904297e-01,-8.669184446334838867e-01,1.061308264732360840e+00
1.500000059604644775e-01,5.644444227218627930e-01,1.000000014901161194e-01,-5.930375456809997559e-01,-9.797959923744201660e-01,1.044134259223937988e+00
1.500000059604644775e-01,6.188888549804687500e-01,1.000000014901161194e-01,-6.280889511108398438e-01,-1.084899067878723145e+00,1.027111291885375977e+00
1.500000059604644775e-01,6.733333468437194824e-01,1.000000014901161194e-01,-6.567143201828002930e-01,-1.181965231895446777e+00,1.010794281959533691e+00
1.500000059604644775e-01,7.277777791023254395e-01,1.000000014901161194e-01,-6.797645092010498047e-01,-1.270860195159912109e+00,9.955317974090576172e-01
1.500000059604644775e-01,7.822222113609313965e-01,1.000000014901161194e-01,-6.979093551635742188e-01,-1.351649284362792969e+00,9.815216064453125000e-01
1.500000059604644775e-01,8.366666436195373535e-01,1.000000014901161194e-01,-7.116951942443847656e-01,-1.424597501754760742e+00,9.688543081283569336e-01
1.500000059604644775e-01,8.911111354827880859e-01,1.000000014901161194e-01,-7.215879559516906738e-01,-1.490123271942138672e+00,9.575472474098205566e-01
1.500000059604644775e-01,9.455555677413940430e-01,1.000000014901161194e-01,-7.280036807060241699e-01,-1.548755645751953125e+00,9.475671648979187012e-01
1.500000059604644775e-01,1.000000000000000000e+00,1.000000014901161194e-01,-7.313247919082641602e-01,-1.601081848144531250e+00,9.388482570648193359e-01
2.000000029802322388e-01,0.000000000000000000e+00,1.000000014901161194e-01,5.284693241119384766e-01,1.126958847045898438e+00,9.879754781723022461e-01
2.000000029802322388e-01,5.444444715976715088e-02,1.000000014901161194e-01,3.566086590290069580e-01,8.436667323112487793e-01,1.038846969604492188e+00
2.000000029802322388e-01,1.088888943195343018e-01,1.000000014901161194e-01,1.813766658306121826e-01,5.355469584465026855e-01,1.078213572502136230e+00
2.000000029802322388e-01,1.633333414793014526e-01,1.000000014901161194e-01,1.857933402061462402e-02,2.564119100570678711e-01,1.105727910995483398e+00
2.000000029802322388e-01,2.177777886390686035e-01,1.000000014901161194e-01,-1.235418319702148438e-01,2.486187219619750977e-02,1.120950698852539062e+00
2.000000029802322388e-01,2.722222208976745605e-01,1.000000014901161194e-01,-2.437220811843872070e-01,-1.654364466667175293e-01,1.125231027603149414e+00
2.000000029802322388e-01,3.266666531562805176e-01,1.000000014901161194e-01,-3.439394831657409668e-01,-3.272444009780883789e-01,1.121030688285827637e+00
2.000000029802322388e-01,3.811111152172088623e-01,1.000000014901161194e-01,-4.269295334815979004e-01,-4.709684550762176514e-01,1.110948681831359863e+00
2.000000029802322388e-01,4.355555772781372070e-01,1.000000014901161194e-01,-4.953428208827972412e-01,-6.030298471450805664e-01,1.097209692001342773e+00
2.000000029802322388e-01,4.900000095367431641e-01,1.000000014901161194e-01,-5.515411496162414551e-01,-7.266954779624938965e-01,1.081510066986083984e+00
2.000000029802322388e-01,5.099999904632568359e-01,1.000000014901161194e-01,-5.695291757583618164e-01,-7.703090310096740723e-01,1.075502395629882812e+00
2.000000029802322388e-01,5.644444227218627930e-01,1.000000014901161194e-01,-6.122248768806457520e-01,-8.843278884887695312e-01,1.058988809585571289e+00
2.000000029802322388e-01,6.188888549804687500e-01,1.000000014901161194e-01,-6.469254493713378906e-01,-9.913821220397949219e-01,1.042754888534545898e+00
2.000000029802322388e-01,6.733333468437194824e-01,1.000000014901161194e-01,-6.748642325401306152e-01,-1.091178655624389648e+00,1.027252674102783203e+00
2.000000029802322388e-01,7.277777791023254395e-01,1.000000014901161194e-01,-6.970167160034179688e-01,-1.183434486389160156e+00,1.012763500213623047e+00
2.000000029802322388e-01,7.822222113609313965e-01,1.000000014901161194e-01,-7.141569256782531738e-01,-1.268017768859863281e+00,9.994503855705261230e-01
2.000000029802322388e-01,8.366666436195373535e-01,1.000000014901161194e-01,-7.269089818000793457e-01,-1.344990491867065430e+00,9.873937368392944336e-01
2.000000029802322388e-01,8.911111354827880859e-01,1.000000014901161194e-01,-7.357937097549438477e-01,-1.414598464965820312e+00,9.766142368316650391e-01
2.000000029802322388e-01,9.455555677413940430e-01,1.000000014901161194e-01,-7.412586212158203125e-01,-1.477230787277221680e+00,9.670897722244262695e-01
2.000000029802322388e-01,1.000000000000000000e+00,1.000000014901161194e-01,-7.437041997909545898e-01,-1.533378124237060547e+00,9.587670564651489258e-01
2.500000000000000000e-01,0.000000000000000000e+00,1.000000014901161194e-01,4.997373521327972412e-01,1.221517324447631836e+00,1.007268667221069336e+00
2.500000000000000000e-01,5.444444715976715088e-02,1.000000014901161194e-01,3.433738052845001221e-01,9.510437846183776855e-01,1.053586244583129883e+00
2.500000000000000000e-01,1.088888943195343018e-01,1.000000014901161194e-01,1.769899427890777588e-01,6.455195546150207520e-01,1.089541196823120117e+00
2.500000000000000000e-01,1.633333414793014526e-01,1.000000014901161194e-01,1.662662625312805176e-02,3.609130978584289551e-01,1.114979863166809082e+00
2.500000000000000000e-01,2.177777886390686035e-01,1.000000014901161194e-01,-1.269176304340362549e-01,1.219023466110229492e-01,1.128852844238281250e+00
2.500000000000000000e-01,2.722222208976745605e-01,1.000000014901161194e-01,-2.500607371330261230e-01,-7.405072450637817383e-02,1.132122278213500977e+00
2.500000000000000000e-01,3.266666531562805176e-01,1.000000014901161194e-01,-3.534899950027465820e-01,-2.388123273849487305e-01,1.127257347106933594e+00
2.500000000000000000e-01,3.811111152172088623e-01,1.000000014901161194e-01,-4.393310248851776123e-01,-3.833165764808654785e-01,1.116981625556945801e+00
2.500000000000000000e-01,4.355555772781372070e-01,1.000000014901161194e-01,-5.099747180938720703e-01,-5.149081349372863770e-01,1.103576898574829102e+00
2.500000000000000000e-01,4.900000095367431641e-01,1.000000014901161194e-01,-5.677139163017272949e-01,-6.377285718917846680e-01,1.088691234588623047e+00
2.500000000000000000e-01,5.099999904632568359e-01,1.000000014901161194e-01,-5.861005783081054688e-01,-6.810765862464904785e-01,1.083079695701599121e+00
2.500000000000000000e-01,5.644444227218627930e-01,1.000000014901161194e-01,-6.294732093811035156e-01,-7.947596907615661621e-01,1.067828416824340820e+00
2.500000000000000000e-01,6.188888549804687500e-01,1.000000014901161194e-01,-6.643392443656921387e-01,-9.022629261016845703e-01,1.053005456924438477e+00
2.500000000000000000e-01,6.733333468437194824e-01,1.000000014901161194e-01,-6.920531988143920898e-01,-1.003394603729248047e+00,1.038932323455810547e+00
2.500000000000000000e-01,7.277777791023254395e-01,1.000000014901161194e-01,-7.137029170989990234e-01,-1.097809314727783203e+00,1.025796890258789062e+00
2.500000000000000000e-01,7.822222113609313965e-01,1.000000014901161194e-01,-7.301596403121948242e-01,-1.185220956802368164e+00,1.013706922531127930e+00
2.500000000000000000e-01,8.366666436195373535e-01,1.000000014901161194e-01,-7.421287298202514648e-01,-1.265494108200073242e+00,1.002720832824707031e+00
2.500000000000000000e-01,8.911111354827880859e-01,1.000000014901161194e-01,-7.501909732818603516e-01,-1.338679075241088867e+00,9.928594827651977539e-01
2.500000000000000000e-01,9.455555677413940430e-01,1.000000014901161194e-01,-7.548371553421020508e-01,-1.404993653297424316e+00,9.841150641441345215e-01
2.500000000000000000e-01,1.000000000000000000e+00,1.000000014901161194e-01,-7.564947605133056641e-01,-1.464791059494018555e+00,9.764543771743774414e-01
3.000000119209289551e-01,0.000000000000000000e+00,1.000000014901161194e-01,4.732469618320465088e-01,1.301667690277099609e+00,1.017957210540771484e+00
3.000000119209289551e-01,5.444444715976715088e-02,1.000000014901161194e-01,3.317814171314239502e-01,1.045362949371337891e+00,1.060247182846069336e+00
3.000000119209289551e-01,1.088888943195343018e-01,1.000000014901161194e-01,1.748645007610321045e-01,7.447239756584167480e-01,1.092963099479675293e+00
3.000000119209289551e-01,1.633333414793014526e-01,1.000000014901161194e-01,1.782432198524475098e-02,4.562278389930725098e-01,1.116467952728271484e+00
3.000000119209289551e-01,2.177777886390686035e-01,1.000000014901161194e-01,-1.266072392463684082e-01,2.101790308952331543e-01,1.129262924194335938e+00
3.000000119209289551e-01,2.722222208976745605e-01,1.000000014901161194e-01,-2.525644898414611816e-01,8.365988731384277344e-03,1.131843209266662598e+00
3.000000119209289551e-01,3.266666531562805176e-01,1.000000014901161194e-01,-3.593218326568603516e-01,-1.596230864524841309e-01,1.126600146293640137e+00
3.000000119209289551e-01,3.811111152172088623e-01,1.000000014901161194e-01,-4.482972025871276855e-01,-3.049287796020507812e-01,1.116368174552917480e+00
3.000000119209289551e-01,4.355555772781372070e-01,1.000000014901161194e-01,-5.215582847595214844e-01,-4.356859624385833740e-01,1.103522062301635742e+00
3.000000119209289551e-01,4.900000095367431641e-01,1.000000014901161194e-01,-5.812835097312927246e-01,-5.569027066230773926e-01,1.089705109596252441e+00
3.000000119209289551e-01,5.099999904632568359e-01,1.000000014901161194e-01,-6.002403497695922852e-01,-5.996205806732177734e-01,1.084597945213317871e+00
3.000000119209289551e-01,5.644444227218627930e-01,1.000000014901161194e-01,-6.447607278823852539e-01,-7.118014097213745117e-01,1.070949196815490723e+00
3.000000119209289551e-01,6.188888549804687500e-01,1.000000014901161194e-01,-6.802562475204467773e-01,-8.184428215026855469e-01,1.057942628860473633e+00
3.000000119209289551e-01,6.733333468437194824e-01,1.000000014901161194e-01,-7.081801891326904297e-01,-9.195842742919921875e-01,1.045750856399536133e+00
3.000000119209289551e-01,7.277777791023254395e-01,1.000000014901161194e-01,-7.297194600105285645e-01,-1.014931678771972656e+00,1.034441232681274414e+00
3.000000119209289551e-01,7.822222113609313965e-01,1.000000014901161194e-01,-7.458333969116210938e-01,-1.104115128517150879e+00,1.024038553237915039e+00
3.000000119209289551e-01,8.366666436195373535e-01,1.000000014901161194e-01,-7.573018074035644531e-01,-1.186840891838073730e+00,1.014556407928466797e+00
3.000000119209289551e-01,8.911111354827880859e-01,1.000000014901161194e-01,-7.647652626037597656e-01,-1.262965202331542969e+00,1.006002306938171387e+00
3.000000119209289551e-01,9.455555677413940430e-01,1.000000014901161194e-01,-7.687609791755676270e-01,-1.332517147064208984e+00,9.983752965927124023e-01
3.000000119209289551e-01,1.000000000000000000e+00,1.000000014901161194e-01,-7.697514295578002930e-01,-1.395684599876403809e+00,9.916616678237915039e-01
3.499999940395355225e-01,0.000000000000000000e+00,1.000000014901161194e-01,4.483875334262847900e-01,1.369220495223999023e+00,1.022208094596862793e+00
3.499999940395355225e-01,5.444444715976715088e-02,1.000000014901161194e-01,3.209598362445831299e-01,1.128046274185180664e+00,1.060981273651123047e+00
3.499999940395355225e-01,1.088888943195343018e-01,1.000000014901161194e-01,1.739352047443389893e-01,8.343700766563415527e-01,1.090600728988647461e+00
3.499999940395355225e-01,1.633333414793014526e-01,1.000000014901161194e-01,2.115306258201599121e-02,5.436516404151916504e-01,1.112196683883666992e+00
3.499999940395355225e-01,2.177777886390686035e-01,1.000000014901161194e-01,-1.234568059444427490e-01,2.911078333854675293e-01,1.124031066894531250e+00
3.499999940395355225e-01,2.722222208976745605e-01,1.000000014901161194e-01,-2.518945634365081787e-01,8.320939540863037109e-02,1.126087307929992676e+00
3.499999940395355225e-01,3.266666531562805176e-01,1.000000014901161194e-01,-3.619247674942016602e-01,-8.845740556716918945e-02,1.120584487915039062e+00
3.499999940395355225e-01,3.811111152172088623e-01,1.000000014901161194e-01,-4.541665315628051758e-01,-2.348861396312713623e-01,1.110443472862243652e+00
3.499999940395355225e-01,4.355555772781372070e-01,1.000000014901161194e-01,-5.302982926368713379e-01,-3.648236393928527832e-01,1.098160266876220703e+00
3.499999940395355225e-01,4.900000095367431641e-01,1.000000014901161194e-01,-5.923391580581665039e-01,-4.840783178806304932e-01,1.085424900054931641e+00
3.499999940395355225e-01,5.099999904632568359e-01,1.000000014901161194e-01,-6.119990944862365723e-01,-5.259433984756469727e-01,1.080837488174438477e+00
3.499999940395355225e-01,5.644444227218627930e-01,1.000000014901161194e-01,-6.580495834350585938e-01,-6.357997059822082520e-01,1.068885803222656250e+00
3.499999940395355225e-01,6.188888549804687500e-01,1.000000014901161194e-01,-6.945682168006896973e-01,-7.405214309692382812e-01,1.057876110076904297e+00
3.499999940395355225e-01,6.733333468437194824e-01,1.000000014901161194e-01,-7.230925559997558594e-01,-8.404979705810546875e-01,1.047829031944274902e+00
3.499999940395355225e-01,7.277777791023254395e-01,1.000000014901161194e-01,-7.448933124542236328e-01,-9.356017112731933594e-01,1.038671612739562988e+00
3.499999940395355225e-01,7.822222113609313965e-01,1.000000014901161194e-01,-7.610070109367370605e-01,-1.025474309921264648e+00,1.030320167541503906e+00
3.499999940395355225e-01,8.366666436195373535e-01,1.000000014901161194e-01,-7.722766399383544922e-01,-1.109721183776855469e+00,1.022716283798217773e+00
3.499999940395355225e-01,8.911111354827880859e-01,1.000000014901161194e-01,-7.793974876403808594e-01,-1.188039064407348633e+00,1.015829443931579590e+00
3.499999940395355225e-01,9.455555677413940430e-01,1.000000014901161194e-01,-7.829511165618896484e-01,-1.260269165039062500e+00,1.009649991989135742e+00
3.499999940395355225e-01,1.000000000000000000e+00,1.000000014901161194e-01,-7.834353446960449219e-01,-1.326416969299316406e+00,1.004176378250122070e+00
4.000000059604644775e-01,0.000000000000000000e+00,1.000000014901161194e-01,4.246207773685455322e-01,1.425862789154052734e+00,1.021773099899291992e+00
4.000000059604644775e-01,5.444444715976715088e-02,1.000000014901161194e-01,3.102019131183624268e-01,1.200419187545776367e+00,1.057530403137207031e+00
4.000000059604644775e-01,1.088888943195343018e-01,1.000000014901161194e-01,1.732933819293975830e-01,9.155358672142028809e-01,1.084209442138671875e+00
4.000000059604644775e-01,1.633333414793014526e-01,1.000000014901161194e-01,2.569279074668884277e-02,6.243149638175964355e-01,1.103863120079040527e+00
4.000000059604644775e-01,2.177777886390686035e-01,1.000000014901161194e-01,-1.182521879673004150e-01,3.659721016883850098e-01,1.114755272865295410e+00
4.000000059604644775e-01,2.722222208976745605e-01,1.000000014901161194e-01,-2.486688792705535889e-01,1.518265008926391602e-01,1.116357088088989258e+00
4.000000059604644775e-01,3.266666531562805176e-01,1.000000014901161194e-01,-3.617615699768066406e-01,-2.404314279556274414e-02,1.110620617866516113e+00
4.000000059604644775e-01,3.811111152172088623e-01,1.000000014901161194e-01,-4.572607874870300293e-01,-1.721135377883911133e-01,1.100506544113159180e+00
4.000000059604644775e-01,4.355555772781372070e-01,1.000000014901161194e-01,-5.363928675651550293e-01,-3.015334010124206543e-01,1.088650107383728027e+00
4.000000059604644775e-01,4.900000095367431641e-01,1.000000014901161194e-01,-6.009696722030639648e-01,-4.188106060028076172e-01,1.076835513114929199e+00
4.000000059604644775e-01,5.099999904632568359e-01,1.000000014901161194e-01,-6.214295625686645508e-01,-4.597285389900207520e-01,1.072714686393737793e+00
4.000000059604644775e-01,5.644444227218627930e-01,1.000000014901161194e-01,-6.693009138107299805e-01,-5.667769908905029297e-01,1.062351942062377930e+00
4.000000059604644775e-01,6.188888549804687500e-01,1.000000014901161194e-01,-7.071602344512939453e-01,-6.688065528869628906e-01,1.053313016891479492e+00
4.000000059604644775e-01,6.733333468437194824e-01,1.000000014901161194e-01,-7.366154193878173828e-01,-7.666494846343994141e-01,1.045481324195861816e+00
4.000000059604644775e-01,7.277777791023254395e-01,1.000000014901161194e-01,-7.590117454528808594e-01,-8.604490756988525391e-01,1.038639783859252930e+00
4.000000059604644775e-01,7.822222113609313965e-01,1.000000014901161194e-01,-7.754493951797485352e-01,-9.499579668045043945e-01,1.032575964927673340e+00
4.000000059604644775e-01,8.366666436195373535e-01,1.000000014901161194e-01,-7.868264913558959961e-01,-1.034764647483825684e+00,1.027132272720336914e+00
4.000000059604644775e-01,8.911111354827880859e-01,1.000000014901161194e-01,-7.938821315765380859e-01,-1.114454746246337891e+00,1.022214889526367188e+00
4.000000059604644775e-01,9.455555677413940430e-01,1.000000014901161194e-01,-7.972348928451538086e-01,-1.188705682754516602e+00,1.017784357070922852e+00
4.000000059604644775e-01,1.000000000000000000e+00,1.000000014901161194e-01,-7.974144220352172852e-01,-1.257345199584960938e+00,1.013831973075866699e+00
4.500000178813934326e-01,0.000000000000000000e+00,1.000000014901161194e-01,4.014959037303924561e-01,1.473118066787719727e+00,1.017984151840209961e+00
4.500000178813934326e-01,5.444444715976715088e-02,1.000000014901161194e-01,2.989648878574371338e-01,1.263681650161743164e+00,1.051215052604675293e+00
4.500000178813934326e-01,1.088888943195343018e-01,1.000000014901161194e-01,1.722001731395721436e-01,9.891491532325744629e-01,1.075147986412048340e+00
4.500000178813934326e-01,1.633333414793014526e-01,1.000000014901161194e-01,3.064331412315368652e-02,6.991632580757141113e-01,1.092816591262817383e+00
4.500000178813934326e-01,2.177777886390686035e-01,1.000000014901161194e-01,-1.117019951343536377e-01,4.358850121498107910e-01,1.102731943130493164e+00
4.500000178813934326e-01,2.722222208976745605e-01,1.000000014901161194e-01,-2.434564679861068726e-01,2.154468297958374023e-01,1.103901267051696777e+00
4.500000178813934326e-01,3.266666531562805176e-01,1.000000014901161194e-01,-3.592632710933685303e-01,3.485423326492309570e-02,1.097921609878540039e+00
4.500000178813934326e-01,3.811111152172088623e-01,1.000000014901161194e-01,-4.578867554664611816e-01,-1.154826879501342773e-01,1.087729692459106445e+00
4.500000178813934326e-01,4.355555772781372070e-01,1.000000014901161194e-01,-5.400367379188537598e-01,-2.448877394199371338e-01,1.076097846031188965e+00
4.500000178813934326e-01,4.900000095367431641e-01,1.000000014901161194e-01,-6.072703003883361816e-01,-3.604394793510437012e-01,1.064945220947265625e+00
4.500000178813934326e-01,5.099999904632568359e-01,1.000000014901161194e-01,-6.285927295684814453e-01,-4.004268646240234375e-01,1.061192035675048828e+00
4.500000178813934326e-01,5.644444227218627930e-01,1.000000014901161194e-01,-6.784911155700683594e-01,-5.044901371002197266e-01,1.052166581153869629e+00
4.500000178813934326e-01,6.188888549804687500e-01,1.000000014901161194e-01,-7.179331779479980469e-01,-6.033450961112976074e-01,1.044907093048095703e+00
4.500000178813934326e-01,6.733333468437194824e-01,1.000000014901161194e-01,-7.485852241516113281e-01,-6.983221769332885742e-01,1.039189815521240234e+00
4.500000178813934326e-01,7.277777791023254395e-01,1.000000014901161194e-01,-7.718573808670043945e-01,-7.899210453033447266e-01,1.034662961959838867e+00
4.500000178813934326e-01,7.822222113609313965e-01,1.000000014901161194e-01,-7.889088392257690430e-01,-8.781020641326904297e-01,1.030978679656982422e+00
4.500000178813934326e-01,8.366666436195373535e-01,1.000000014901161194e-01,-8.006829619407653809e-01,-9.625218510627746582e-01,1.027864336967468262e+00
4.500000178813934326e-01,8.911111354827880859e-01,1.000000014901161194e-01,-8.079537749290466309e-01,-1.042724132537841797e+00,1.025137186050415039e+00
4.500000178813934326e-01,9.455555677413940430e-01,1.000000014901161194e-01,-8.113672733306884766e-01,-1.118269205093383789e+00,1.022700786590576172e+00
4.500000178813934326e-01,1.000000000000000000e+00,1.000000014901161194e-01,-8.114748001098632812e-01,-1.188823103904724121e+00,1.020521163940429688e+00
5.000000000000000000e-01,0.000000000000000000e+00,1.000000014901161194e-01,3.786417543888092041e-01,1.512333154678344727e+00,1.011812448501586914e+00
5.000000000000000000e-01,5.444444715976715088e-02,1.000000014901161194e-01,2.868512570858001709e-01,1.318900585174560547e+00,1.042985320091247559e+00
5.000000000000000000e-01,1.088888943195343018e-01,1.000000014901161194e-01,1.700774729251861572e-01,1.056000232696533203e+00,1.064413428306579590e+00
5.000000000000000000e-01,1.633333414793014526e-01,1.000000014901161194e-01,3.532353043556213379e-02,7.689610123634338379e-01,1.080075740814208984e+00
5.000000000000000000e-01,2.177777886390686035e-01,1.000000014901161194e-01,-1.044400036334991455e-01,5.017690062522888184e-01,1.088958501815795898e+00
5.000000000000000000e-01,2.722222208976745605e-01,1.000000014901161194e-01,-2.367782294750213623e-01,2.751473784446716309e-01,1.089699745178222656e+00
5.000000000000000000e-01,3.266666531562805176e-01,1.000000014901161194e-01,-3.548327684402465820e-01,8.937519788742065430e-02,1.083469748497009277e+00
5.000000000000000000e-01,3.811111152172088623e-01,1.000000014901161194e-01,-4.563376307487487793e-01,-6.388729810714721680e-02,1.073103547096252441e+00
5.000000000000000000e-01,4.355555772781372070e-01,1.000000014901161194e-01,-5.414245128631591797e-01,-1.939016580581665039e-01,1.061489939689636230e+00
5.000000000000000000e-01,4.900000095367431641e-01,1.000000014901161194e-01,-6.113475561141967773e-01,-3.081766366958618164e-01,1.050706267356872559e+00
5.000000000000000000e-01,5.099999904632568359e-01,1.000000014901161194e-01,-6.335647702217102051e-01,-3.473353683948516846e-01,1.047200560569763184e+00
5.000000000000000000e-01,5.644444227218627930e-01,1.000000014901161194e-01,-6.856198310852050781e-01,-4.484971165657043457e-01,1.039178729057312012e+00
5.000000000000000000e-01,6.188888549804687500e-01,1.000000014901161194e-01,-7.268153429031372070e-01,-5.439642667770385742e-01,1.033394575119018555e+00
5.000000000000000000e-01,6.733333468437194824e-01,1.000000014901161194e-01,-7.588634490966796875e-01,-6.355890631675720215e-01,1.029554367065429688e+00
5.000000000000000000e-01,7.277777791023254395e-01,1.000000014901161194e-01,-7.832340598106384277e-01,-7.242867946624755859e-01,1.027196049690246582e+00
5.000000000000000000e-01,7.822222113609313965e-01,1.000000014901161194e-01,-8.011411428451538086e-01,-8.103041052818298340e-01,1.025844931602478027e+00
5.000000000000000000e-01,8.366666436195373535e-01,1.000000014901161194e-01,-8.135688304901123047e-01,-8.934533596038818359e-01,1.025103569030761719e+00
5.000000000000000000e-01,8.911111354827880859e-01,1.000000014901161194e-01,-8.213192820549011230e-01,-9.733124971389770508e-01,1.024684667587280273e+00
5.000000000000000000e-01,9.455555677413940430e-01,1.000000014901161194e-01,-8.250552415847778320e-01,-1.049381971359252930e+00,1.024414300918579102e+00
5.000000000000000000e-01,1.000000000000000000e+00,1.000000014901161194e-01,-8.253418207168579102e-01,-1.121202945709228516e+00,1.024207592010498047e+00
5.499999523162841797e-01,0.000000000000000000e+00,1.000000014901161194e-01,3.557595312595367432e-01,1.544682025909423828e+00,1.003946542739868164e+00
5.499999523162841797e-01,5.444444715976715088e-02,1.000000014901161194e-01,2.735821902751922607e-01,1.367015123367309570e+00,1.033498764038085938e+00
5.499999523162841797e-01,1.088888943195343018e-01,1.000000014901161194e-01,1.664912402629852295e-01,1.116753816604614258e+00,1.052706480026245117e+00
5.499999523162841797e-01,1.633333414793014526e-01,1.000000014901161194e-01,3.916296362876892090e-02,8.343053460121154785e-01,1.066379427909851074e+00
5.499999523162841797e-01,2.177777886390686035e-01,1.000000014901161194e-01,-9.703019261360168457e-02,5.643630623817443848e-01,1.074170589447021484e+00
5.499999523162841797e-01,2.722222208976745605e-01,1.000000014901161194e-01,-2.291122972965240479e-01,3.318379521369934082e-01,1.074482798576354980e+00
5.499999523162841797e-01,3.266666531562805176e-01,1.000000014901161194e-01,-3.488485217094421387e-01,1.405327916145324707e-01,1.068016529083251953e+00
5.499999523162841797e-01,3.811111152172088623e-01,1.000000014901161194e-01,-4.528981447219848633e-01,-1.629310846328735352e-02,1.057418465614318848e+00
5.499999523162841797e-01,4.355555772781372070e-01,1.000000014901161194e-01,-5.407555103302001953e-01,-1.475993394851684570e-01,1.045651197433471680e+00
5.499999523162841797e-01,4.900000095367431641e-01,1.000000014901161194e-01,-6.133232712745666504e-01,-2.611751556396484375e-01,1.034960269927978516e+00
5.499999523162841797e-01,5.099999904632568359e-01,1.000000014901161194e-01,-6.364421248435974121e-01,-2.996721863746643066e-01,1.031580209732055664e+00
5.499999523162841797e-01,5.644444227218627930e-01,1.000000014901161194e-01,-6.907153725624084473e-01,-3.982202112674713135e-01,1.024202823638916016e+00
5.499999523162841797e-01,6.188888549804687500e-01,1.000000014901161194e-01,-7.337723970413208008e-01,-4.903219044208526611e-01,1.019529104232788086e+00
5.499999523162841797e-01,6.733333468437194824e-01,1.000000014901161194e-01,-7.673552632331848145e-01,-5.783444046974182129e-01,1.017238616943359375e+00
5.499999523162841797e-01,7.277777791023254395e-01,1.000000014901161194e-01,-7.929881811141967773e-01,-6.636493206024169922e-01,1.016790628433227539e+00
5.499999523162841797e-01,7.822222113609313965e-01,1.000000014901161194e-01,-8.119372725486755371e-01,-7.468277215957641602e-01,1.017602920532226562e+00
5.499999523162841797e-01,8.366666436195373535e-01,1.000000014901161194e-01,-8.252285718917846680e-01,-8.279236555099487305e-01,1.019158601760864258e+00
5.499999523162841797e-01,8.911111354827880859e-01,1.000000014901161194e-01,-8.336882591247558594e-01,-9.066240787506103516e-01,1.021059274673461914e+00
5.499999523162841797e-01,9.455555677413940430e-01,1.000000014901161194e-01,-8.379915952682495117e-01,-9.824396371841430664e-01,1.023035287857055664e+00
5.499999523162841797e-01,1.000000000000000000e+00,1.000000014901161194e-01,-8.387075662612915039e-01,-1.054836273193359375e+00,1.024933457374572754e+00
6.000000238418579102e-01,0.000000000000000000e+00,1.000000014901161194e-01,3.326173126697540283e-01,1.571184158325195312e+00,9.948677420616149902e-01
6.000000238418579102e-01,5.444444715976715088e-02,1.000000014901161194e-01,2.589779794216156006e-01,1.408852338790893555e+00,1.023194313049316406e+00
6.000000238418579102e-01,1.088888943195343018e-01,1.000000014901161194e-01,1.611317694187164307e-01,1.171972036361694336e+00,1.040497422218322754e+00
6.000000238418579102e-01,1.633333414793014526e-01,1.000000014901161194e-01,4.169514775276184082e-02,8.956553339958190918e-01,1.052244186401367188e+00
6.000000238418579102e-01,2.177777886390686035e-01,1.000000014901161194e-01,-8.997321128845214844e-02,6.242352128028869629e-01,1.058890461921691895e+00
6.000000238418579102e-01,2.722222208976745605e-01,1.000000014901161194e-01,-2.209012210369110107e-01,3.862622380256652832e-01,1.058771848678588867e+00
6.000000238418579102e-01,3.266666531562805176e-01,1.000000014901161194e-01,-3.416707217693328857e-01,1.891998648643493652e-01,1.052106380462646484e+00
6.000000238418579102e-01,3.811111152172088623e-01,1.000000014901161194e-01,-4.478482306003570557e-01,2.823221683502197266e-02,1.041266679763793945e+00
6.000000238418579102e-01,4.355555772781372070e-01,1.000000014901161194e-01,-5.382354259490966797e-01,-1.050574779510498047e-01,1.029232978820800781e+00
6.000000238418579102e-01,4.900000095367431641e-01,1.000000014901161194e-01,-6.133374571800231934e-01,-2.185868620872497559e-01,1.018406510353088379e+00
6.000000238418579102e-01,5.099999904632568359e-01,1.000000014901161194e-01,-6.373417377471923828e-01,-2.566296756267547607e-01,1.015043973922729492e+00
6.000000238418579102e-01,5.644444227218627930e-01,1.000000014901161194e-01,-6.938362717628479004e-01,-3.530062437057495117e-01,1.007968902587890625e+00
6.000000238418579102e-01,6.188888549804687500e-01,1.000000014901161194e-01,-7.388086318969726562e-01,-4.419572651386260986e-01,1.004027366638183594e+00
6.000000238418579102e-01,6.733333468437194824e-01,1.000000014901161194e-01,-7.740121483802795410e-01,-5.263396501541137695e-01,1.002913951873779297e+00
6.000000238418579102e-01,7.277777791023254395e-01,1.000000014901161194e-01,-8.010157346725463867e-01,-6.079654693603515625e-01,1.004045367240905762e+00
6.000000238418579102e-01,7.822222113609313965e-01,1.000000014901161194e-01,-8.211390972137451172e-01,-6.878075599670410156e-01,1.006757974624633789e+00
6.000000238418579102e-01,8.366666436195373535e-01,1.000000014901161194e-01,-8.354502320289611816e-01,-7.661953568458557129e-01,1.010431528091430664e+00
6.000000238418579102e-01,8.911111354827880859e-01,1.000000014901161194e-01,-8.448034524917602539e-01,-8.429985046386718750e-01,1.014558553695678711e+00
6.000000238418579102e-01,9.455555677413940430e-01,1.000000014901161194e-01,-8.498834371566772461e-01,-9.178044795989990234e-01,1.018768906593322754e+00
6.000000238418579102e-01,1.000000000000000000e+00,1.000000014901161194e-01,-8.512569665908813477e-01,-9.900648593902587891e-01,1.022825717926025391e+00
6.499999761581420898e-01,0.000000000000000000e+00,1.000000014901161194e-01,3.090433776378631592e-01,1.592718124389648438e+00,9.849106669425964355e-01
6.499999761581420898e-01,5.444444715976715088e-02,1.000000014901161194e-01,2.429386675357818604e-01,1.445139884948730469e+00,1.012357115745544434e+00
6.499999761581420898e-01,1.088888943195343018e-01,1.000000014901161194e-01,1.537972986698150635e-01,1.222136259078979492e+00,1.028089284896850586e+00
6.499999761581420898e-01,1.633333414793014526e-01,1.000000014901161194e-01,4.254910349845886230e-02,9.533575177192687988e-01,1.038018226623535156e+00
6.499999761581420898e-01,2.177777886390686035e-01,1.000000014901161194e-01,-8.371037244796752930e-02,6.818075776100158691e-01,1.043479681015014648e+00
6.499999761581420898e-01,2.722222208976745605e-01,1.000000014901161194e-01,-2.125557065010070801e-01,4.390085339546203613e-01,1.042922616004943848e+00
6.499999761581420898e-01,3.266666531562805176e-01,1.000000014901161194e-01,-3.336444497108459473e-01,2.361096739768981934e-01,1.036110877990722656e+00
6.499999761581420898e-01,3.811111152172088623e-01,1.000000014901161194e-01,-4.414657950401306152e-01,7.050472497940063477e-02,1.025066137313842773e+00
6.499999761581420898e-01,4.355555772781372070e-01,1.000000014901161194e-01,-5.340806841850280762e-01,-6.543391942977905273e-02,1.012716054916381836e+00
6.499999761581420898e-01,4.900000095367431641e-01,1.000000014901161194e-01,-6.115481853485107422e-01,-1.795970797538757324e-01,1.001592397689819336e+00
6.499999761581420898e-01,5.099999904632568359e-01,1.000000014901161194e-01,-6.364023089408874512e-01,-2.174199819564819336e-01,9.981609582901000977e-01
6.499999761581420898e-01,5.644444227218627930e-01,1.000000014901161194e-01,-6.950724124908447266e-01,-3.121688663959503174e-01,9.910933375358581543e-01
6.499999761581420898e-01,6.188888549804687500e-01,1.000000014901161194e-01,-7.419672012329101562e-01,-3.983336687088012695e-01,9.875280261039733887e-01
6.499999761581420898e-01,6.733333468437194824e-01,1.000000014901161194e-01,-7.788312435150146484e-01,-4.792189002037048340e-01,9.872130751609802246e-01
6.499999761581420898e-01,7.277777791023254395e-01,1.000000014901161194e-01,-8.072677850723266602e-01,-5.570715665817260742e-01,9.895590543746948242e-01
6.499999761581420898e-01,7.822222113609313965e-01,1.000000014901161194e-01,-8.286461830139160156e-01,-6.332573890686035156e-01,9.938501715660095215e-01
6.499999761581420898e-01,8.366666436195373535e-01,1.000000014901161194e-01,-8.440818786621093750e-01,-7.084318399429321289e-01,9.993842840194702148e-01
6.499999761581420898e-01,8.911111354827880859e-01,1.000000014901161194e-01,-8.544588088989257812e-01,-7.827025651931762695e-01,1.005558133125305176e+00
6.499999761581420898e-01,9.455555677413940430e-01,1.000000014901161194e-01,-8.604775667190551758e-01,-8.557985424995422363e-01,1.011901617050170898e+00
6.499999761581420898e-01,1.000000000000000000e+00,1.000000014901161194e-01,-8.627011775970458984e-01,-9.272196292877197266e-01,1.018088698387145996e+00
6.999999880790710449e-01,0.000000000000000000e+00,1.000000014901161194e-01,2.849211394786834717e-01,1.610042095184326172e+00,9.743109345436096191e-01
6.999999880790710449e-01,5.444444715976715088e-02,1.000000014901161194e-01,2.254302799701690674e-01,1.476519823074340820e+00,1.001168370246887207e+00
6.999999880790710449e-01,1.088888943195343018e-01,1.000000014901161194e-01,1.443804204463958740e-01,1.267663240432739258e+00,1.015666842460632324e+00
6.999999880790710449e-01,1.633333414793014526e-01,1.000000014901161194e-01,4.144546389579772949e-02,1.007672548294067383e+00,1.023929357528686523e+00
6.999999880790710449e-01,2.177777886390686035e-01,1.000000014901161194e-01,-7.862529158592224121e-02,7.373803257942199707e-01,1.028182148933410645e+00
6.999999880790710449e-01,2.722222208976745605e-01,1.000000014901161194e-01,-2.044556140899658203e-01,4.905300736427307129e-01,1.027169823646545410e+00
6.999999880790710449e-01,3.266666531562805176e-01,1.000000014901161194e-01,-3.250998556613922119e-01,2.818626165390014648e-01,1.020268678665161133e+00
6.999999880790710449e-01,3.811111152172088623e-01,1.000000014901161194e-01,-4.340242743492126465e-01,1.112264990806579590e-01,1.009090662002563477e+00
6.999999880790710449e-01,4.355555772781372070e-01,1.000000014901161194e-01,-5.285111069679260254e-01,-2.797734737396240234e-02,9.964333176612854004e-01
6.999999880790710449e-01,4.900000095367431641e-01,1.000000014901161194e-01,-6.081289649009704590e-01,-1.434524059295654297e-01,9.849204421043395996e-01
6.999999880790710449e-01,5.099999904632568359e-01,1.000000014901161194e-01,-6.337803602218627930e-01,-1.812984347343444824e-01,9.813587665557861328e-01
6.999999880790710449e-01,5.644444227218627930e-01,1.000000014901161194e-01,-6.945388913154602051e-01,-2.750267982482910156e-01,9.740648269653320312e-01
6.999999880790710449e-01,6.188888549804687500e-01,1.000000014901161194e-01,-7.433252334594726562e-01,-3.588769137859344482e-01,9.705673456192016602e-01
6.999999880790710449e-01,6.733333468437194824e-01,1.000000014901161194e-01,-7.818530797958374023e-01,-4.365530610084533691e-01,9.706974625587463379e-01
6.999999880790710449e-01,7.277777791023254395e-01,1.000000014901161194e-01,-8.117460012435913086e-01,-5.107057690620422363e-01,9.738918542861938477e-01
6.999999880790710449e-01,7.822222113609313965e-01,1.000000014901161194e-01,-8.344178199768066406e-01,-5.830882787704467773e-01,9.794132709503173828e-01
6.999999880790710449e-01,8.366666436195373535e-01,1.000000014901161194e-01,-8.510326147079467773e-01,-6.546998620033264160e-01,9.865031242370605469e-01
6.999999880790710449e-01,8.911111354827880859e-01,1.000000014901161194e-01,-8.625133037567138672e-01,-7.259272933006286621e-01,9.944780468940734863e-01
6.999999880790710449e-01,9.455555677413940430e-01,1.000000014901161194e-01,-8.695794343948364258e-01,-7.966943979263305664e-01,1.002780079841613770e+00
6.999999880790710449e-01,1.000000000000000000e+00,1.000000014901161194e-01,-8.727967739105224609e-01,-8.666105270385742188e-01,1.010993838310241699e+00
7.500000000000000000e-01,0.000000000000000000e+00,1.000000014901161194e-01,2.601856887340545654e-01,1.623810529708862305e+00,9.632403850555419922e-01
7.500000000000000000e-01,5.444444715976715088e-02,1.000000014901161194e-01,2.064736187458038330e-01,1.503562927246093750e+00,9.897437095642089844e-01
7.500000000000000000e-01,1.088888943195343018e-01,1.000000014901161194e-01,1.328534781932830811e-01,1.308922290802001953e+00,1.003335595130920410e+00
7.500000000000000000e-01,1.633333414793014526e-01,1.000000014901161194e-01,3.818985819816589355e-02,1.058798789978027344e+00,1.010119676589965820e+00
7.500000000000000000e-01,2.177777886390686035e-01,1.000000014901161194e-01,-7.504233717918395996e-02,7.911526560783386230e-01,1.013161420822143555e+00
7.500000000000000000e-01,2.722222208976745605e-01,1.000000014901161194e-01,-1.969505846500396729e-01,5.411623120307922363e-01,1.011665344238281250e+00
7.500000000000000000e-01,3.266666531562805176e-01,1.000000014901161194e-01,-3.163533210754394531e-01,3.269429802894592285e-01,1.004723429679870605e+00
7.500000000000000000e-01,3.811111152172088623e-01,1.000000014901161194e-01,-4.257935285568237305e-01,1.509898304939270020e-01,9.935026168823242188e-01
7.500000000000000000e-01,4.355555772781372070e-01,1.000000014901161194e-01,-5.217527747154235840e-01,7.971227169036865234e-03,9.805954098701477051e-01
7.500000000000000000e-01,4.900000095367431641e-01,1.000000014901161194e-01,-6.032653450965881348e-01,-1.094707250595092773e-01,9.686639308929443359e-01
7.500000000000000000e-01,5.099999904632568359e-01,1.000000014901161194e-01,-6.296483278274536133e-01,-1.475846171379089355e-01,9.649360775947570801e-01
7.500000000000000000e-01,5.644444227218627930e-01,1.000000014901161194e-01,-6.923736929893493652e-01,-2.409281432628631592e-01,9.572508335113525391e-01
7.500000000000000000e-01,6.188888549804687500e-01,1.000000014901161194e-01,-7.429897785186767578e-01,-3.230072259902954102e-01,9.535707831382751465e-01
7.500000000000000000e-01,6.733333468437194824e-01,1.000000014901161194e-01,-7.831554412841796875e-01,-3.978712558746337891e-01,9.538359045982360840e-01
7.500000000000000000e-01,7.277777791023254395e-01,1.000000014901161194e-01,-8.144975900650024414e-01,-4.685374796390533447e-01,9.575370550155639648e-01
7.500000000000000000e-01,7.822222113609313965e-01,1.000000014901161194e-01,-8.384671211242675781e-01,-5.371257662773132324e-01,9.639426469802856445e-01
7.500000000000000000e-01,8.366666436195373535e-01,1.000000014901161194e-01,-8.562763929367065430e-01,-6.049790382385253906e-01,9.722627401351928711e-01
7.500000000000000000e-01,8.911111354827880859e-01,1.000000014901161194e-01,-8.688921928405761719e-01,-6.727863550186157227e-01,9.817546606063842773e-01
7.500000000000000000e-01,9.455555677413940430e-01,1.000000014901161194e-01,-8.770631551742553711e-01,-7.407093048095703125e-01,9.917860627174377441e-01
7.500000000000000000e-01,1.000000000000000000e+00,1.000000014901161194e-01,-8.813636302947998047e-01,-8.085162639617919922e-01,1.001860618591308594e+00
8.000000119209289551e-01,0.000000000000000000e+00,1.000000014901161194e-01,2.348160445690155029e-01,1.634590387344360352e+00,9.518293142318725586e-01
8.000000119209289551e-01,5.444444715976715088e-02,1.000000014901161194e-01,1.861347854137420654e-01,1.526778221130371094e+00,9.781576991081237793e-01
8.000000119209289551e-01,1.088888943195343018e-01,1.000000014901161194e-01,1.192566454410552979e-01,1.346247673034667969e+00,9.911493659019470215e-01
8.000000119209289551e-01,1.633333414793014526e-01,1.000000014901161194e-01,3.266826272010803223e-02,1.106887340545654297e+00,9.966729879379272461e-01
8.000000119209289551e-01,2.177777886390686035e-01,1.000000014901161194e-01,-7.322672009468078613e-02,8.432483077049255371e-01,9.985251426696777344e-01
8.000000119209289551e-01,2.722222208976745605e-01,1.000000014901161194e-01,-1.903578937053680420e-01,5.911387801170349121e-01,9.965072870254516602e-01
8.000000119209289551e-01,3.266666531562805176e-01,1.000000014901161194e-01,-3.077054917812347412e-01,3.717302680015563965e-01,9.895548224449157715e-01
8.000000119209289551e-01,3.811111152172088623e-01,1.000000014901161194e-01,-4.170368611812591553e-01,1.902892589569091797e-01,9.783856272697448730e-01
8.000000119209289551e-01,4.355555772781372070e-01,1.000000014901161194e-01,-5.140307545661926270e-01,4.297900199890136719e-02,9.653173089027404785e-01
8.000000119209289551e-01,4.900000095367431641e-01,1.000000014901161194e-01,-5.971482992172241211e-01,-7.704347372055053711e-02,9.529920220375061035e-01
8.000000119209289551e-01,5.099999904632568359e-01,1.000000014901161194e-01,-6.241858601570129395e-01,-1.156635880470275879e-01,9.490845203399658203e-01
8.000000119209289551e-01,5.644444227218627930e-01,1.000000014901161194e-01,-6.887291669845581055e-01,-2.092643976211547852e-01,9.409061670303344727e-01
8.000000119209289551e-01,6.188888549804687500e-01,1.000000014901161194e-01,-7.410894632339477539e-01,-2.901570200920104980e-01,9.368554353713989258e-01
8.000000119209289551e-01,6.733333468437194824e-01,1.000000014901161194e-01,-7.828443050384521484e-01,-3.626847267150878906e-01,9.369992017745971680e-01
8.000000119209289551e-01,7.277777791023254395e-01,1.000000014901161194e-01,-8.156056404113769531e-01,-4.301883578300476074e-01,9.409057497978210449e-01
8.000000119209289551e-01,7.822222113609313965e-01,1.000000014901161194e-01,-8.408511877059936523e-01,-4.951243996620178223e-01,9.478726983070373535e-01
8.000000119209289551e-01,8.366666436195373535e-01,1.000000014901161194e-01,-8.598389625549316406e-01,-5.591692924499511719e-01,9.571008682250976562e-01
8.000000119209289551e-01,8.911111354827880859e-01,1.000000014901161194e-01,-8.735826015472412109e-01,-6.233173012733459473e-01,9.678104519844055176e-01
8.000000119209289551e-01,9.455555677413940430e-01,1.000000014901161194e-01,-8.828685283660888672e-01,-6.879957318305969238e-01,9.793105125427246094e-01
8.000000119209289551e-01,1.000000000000000000e+00,1.000000014901161194e-01,-8.882910013198852539e-01,-7.531750202178955078e-01,9.910346269607543945e-01
8.500000238418579102e-01,0.000000000000000000e+00,1.000000014901161194e-01,2.088346779346466064e-01,1.642868518829345703e+00,9.401829838752746582e-01
8.500000238418579102e-01,5.444444715976715088e-02,1.000000014901161194e-01,1.645183265209197998e-01,1.546620130538940430e+00,9.664626121520996094e-01
8.500000238418579102e-01,1.088888943195343018e-01,1.000000014901161194e-01,1.036911904811859131e-01,1.379941701889038086e+00,9.791309237480163574e-01
8.500000238418579102e-01,1.633333414793014526e-01,1.000000014901161194e-01,2.484455704689025879e-02,1.152061223983764648e+00,9.836322069168090820e-01
8.500000238418579102e-01,2.177777886390686035e-01,1.000000014901161194e-01,-7.337987422943115234e-02,8.937301039695739746e-01,9.843463301658630371e-01
8.500000238418579102e-01,2.722222208976745605e-01,1.000000014901161194e-01,-1.849593818187713623e-01,6.406109929084777832e-01,9.817616939544677734e-01
8.500000238418579102e-01,3.266666531562805176e-01,1.000000014901161194e-01,-2.994377613067626953e-01,4.165149331092834473e-01,9.748055338859558105e-01
8.500000238418579102e-01,3.811111152172088623e-01,1.000000014901161194e-01,-4.080071449279785156e-01,2.295325994491577148e-01,9.637719988822937012e-01
8.500000238418579102e-01,4.355555772781372070e-01,1.000000014901161194e-01,-5.055662989616394043e-01,7.753360271453857422e-02,9.506473541259765625e-01
8.500000238418579102e-01,4.900000095367431641e-01,1.000000014901161194e-01,-5.899717807769775391e-01,-4.563540220260620117e-02,9.379917979240417480e-01
8.500000238418579102e-01,5.099999904632568359e-01,1.000000014901161194e-01,-6.175777912139892578e-01,-8.498913049697875977e-02,9.339096546173095703e-01
8.500000238418579102e-01,5.644444227218627930e-01,1.000000014901161194e-01,-6.837674975395202637e-01,-1.794798374176025391e-01,9.251930713653564453e-01
8.500000238418579102e-01,6.188888549804687500e-01,1.000000014901161194e-01,-7.377674579620361328e-01,-2.597895264625549316e-01,9.206425547599792480e-01
8.500000238418579102e-01,6.733333468437194824e-01,1.000000014901161194e-01,-7.810463309288024902e-01,-3.305063247680664062e-01,9.204646348953247070e-01
8.500000238418579102e-01,7.277777791023254395e-01,1.000000014901161194e-01,-8.151813149452209473e-01,-3.952540755271911621e-01,9.243226051330566406e-01
8.500000238418579102e-01,7.822222113609313965e-01,1.000000014901161194e-01,-8.416632413864135742e-01,-4.567917287349700928e-01,9.315634965896606445e-01
8.500000238418579102e-01,8.366666436195373535e-01,1.000000014901161194e-01,-8.617911338806152344e-01,-5.171035528182983398e-01,9.413995146751403809e-01
8.500000238418579102e-01,8.911111354827880859e-01,1.000000014901161194e-01,-8.766274452209472656e-01,-5.774878263473510742e-01,9.530315995216369629e-01
8.500000238418579102e-01,9.455555677413940430e-01,1.000000014901161194e-01,-8.870009779930114746e-01,-6.386448144912719727e-01,9.657272696495056152e-01
8.500000238418579102e-01,1.000000000000000000e+00,1.000000014901161194e-01,-8.935362696647644043e-01,-7.007772922515869141e-01,9.788643717765808105e-01
8.999999761581420898e-01,0.000000000000000000e+00,1.000000014901161194e-01,1.822938621044158936e-01,1.649070501327514648e+00,9.283913969993591309e-01
8.999999761581420898e-01,5.444444715976715088e-02,1.000000014901161194e-01,1.417578160762786865e-01,1.563497066497802734e+00,9.547002911567687988e-01
8.999999761581420898e-01,1.088888943195343018e-01,1.000000014901161194e-01,8.630201220512390137e-02,1.410284757614135742e+00,9.672849774360656738e-01
8.999999761581420898e-01,1.633333414793014526e-01,1.000000014901161194e-01,1.475110650062561035e-02,1.194422483444213867e+00,9.710145592689514160e-01
8.999999761581420898e-01,2.177777886390686035e-01,1.000000014901161194e-01,-7.564082741737365723e-02,9.426148533821105957e-01,9.706715345382690430e-01
8.999999761581420898e-01,2.722222208976745605e-01,1.000000014901161194e-01,-1.809963583946228027e-01,6.896592974662780762e-01,9.674767255783081055e-01
8.999999761581420898e-01,3.266666531562805176e-01,1.000000014901161194e-01,-2.918127775192260742e-01,4.615076184272766113e-01,9.604982137680053711e-01
8.999999761581420898e-01,3.811111152172088623e-01,1.000000014901161194e-01,-3.989478945732116699e-01,2.690500617027282715e-01,9.496639966964721680e-01
8.999999761581420898e-01,4.355555772781372070e-01,1.000000014901161194e-01,-4.965746402740478516e-01,1.120517849922180176e-01,9.365907907485961914e-01
8.999999761581420898e-01,4.900000095367431641e-01,1.000000014901161194e-01,-5.819265246391296387e-01,-1.477652788162231445e-02,9.236930012702941895e-01
8.999999761581420898e-01,5.099999904632568359e-01,1.000000014901161194e-01,-6.100065708160400391e-01,-5.507856607437133789e-02,9.194545745849609375e-01
8.999999761581420898e-01,5.644444227218627930e-01,1.000000014901161194e-01,-6.776534318923950195e-01,-1.510697007179260254e-01,9.101997017860412598e-01
8.999999761581420898e-01,6.188888549804687500e-01,1.000000014901161194e-01,-7.331738471984863281e-01,-2.314023971557617188e-01,9.050722718238830566e-01
8.999999761581420898e-01,6.733333468437194824e-01,1.000000014901161194e-01,-7.779010534286499023e-01,-3.008654117584228516e-01,9.044247865676879883e-01
8.999999761581420898e-01,7.277777791023254395e-01,1.000000014901161194e-01,-8.133542537689208984e-01,-3.633223474025726318e-01,9.080293774604797363e-01
8.999999761581420898e-01,7.822222113609313965e-01,1.000000014901161194e-01,-8.410234451293945312e-01,-4.217995405197143555e-01,9.152995347976684570e-01
8.999999761581420898e-01,8.366666436195373535e-01,1.000000014901161194e-01,-8.622389435768127441e-01,-4.785645008087158203e-01,9.254747033119201660e-01
8.999999761581420898e-01,8.911111354827880859e-01,1.000000014901161194e-01,-8.781110048294067383e-01,-5.351998805999755859e-01,9.377530813217163086e-01
8.999999761581420898e-01,9.455555677413940430e-01,1.000000014901161194e-01,-8.895163536071777344e-01,-5.926805138587951660e-01,9.513769149780273438e-01
8.999999761581420898e-01,1.000000000000000000e+00,1.000000014901161194e-01,-8.971184492111206055e-01,-6.514549255371093750e-01,9.656810164451599121e-01
9.499999880790710449e-01,0.000000000000000000e+00,1.000000014901161194e-01,1.552774012088775635e-01,1.653560161590576172e+00,9.165359139442443848e-01
9.499999880790710449e-01,5.444444715976715088e-02,1.000000014901161194e-01,1.180104315280914307e-01,1.577775716781616211e+00,9.429083466529846191e-01
9.499999880790710449e-01,1.088888943195343018e-01,1.000000014901161194e-01,6.727549433708190918e-02,1.437539100646972656e+00,9.556087255477905273e-01
9.499999880790710449e-01,1.633333414793014526e-01,1.000000014901161194e-01,2.484232187271118164e-03,1.234060287475585938e+00,9.588196277618408203e-01
9.499999880790710449e-01,2.177777886390686035e-01,1.000000014901161194e-01,-8.008262515068054199e-02,9.898874163627624512e-01,9.575319290161132812e-01
9.499999880790710449e-01,2.722222208976745605e-01,1.000000014901161194e-01,-1.786692440509796143e-01,7.383038401603698730e-01,9.536915421485900879e-01
9.499999880790710449e-01,3.266666531562805176e-01,1.000000014901161194e-01,-2.850691080093383789e-01,5.068511366844177246e-01,9.466494321823120117e-01
9.499999880790710449e-01,3.811111152172088623e-01,1.000000014901161194e-01,-3.900876641273498535e-01,3.091072440147399902e-01,9.360514283180236816e-01
9.499999880790710449e-01,4.355555772781372070e-01,1.000000014901161194e-01,-4.872630834579467773e-01,1.468868851661682129e-01,9.231262207031250000e-01
9.499999880790710449e-01,4.900000095367431641e-01,1.000000014901161194e-01,-5.731951594352722168e-01,1.594549417495727539e-02,9.100868701934814453e-01
9.499999880790710449e-01,5.099999904632568359e-01,1.000000014901161194e-01,-6.016485691070556641e-01,-2.550405263900756836e-02,9.057198762893676758e-01
9.499999880790710449e-01,5.644444227218627930e-01,1.000000014901161194e-01,-6.705474853515625000e-01,-1.235785484313964844e-01,8.959611058235168457e-01
9.499999880790710449e-01,6.188888549804687500e-01,1.000000014901161194e-01,-7.274607419967651367e-01,-2.045352458953857422e-01,8.902215361595153809e-01
9.499999880790710449e-01,6.733333468437194824e-01,1.000000014901161194e-01,-7.735530138015747070e-01,-2.733131051063537598e-01,8.890026807785034180e-01
9.499999880790710449e-01,7.277777791023254395e-01,1.000000014901161194e-01,-8.102643489837646484e-01,-3.339832723140716553e-01,8.921954631805419922e-01
9.499999880790710449e-01,7.822222113609313965e-01,1.000000014901161194e-01,-8.390660285949707031e-01,-3.898033499717712402e-01,8.992927074432373047e-01
9.499999880790710449e-01,8.366666436195373535e-01,1.000000014901161194e-01,-8.613100051879882812e-01,-4.432937502861022949e-01,9.095753431320190430e-01
9.499999880790710449e-01,8.911111354827880859e-01,1.000000014901161194e-01,-8.781499862670898438e-01,-4.963021874427795410e-01,9.222521185874938965e-01
9.499999880790710449e-01,9.455555677413940430e-01,1.000000014901161194e-01,-8.905140161514282227e-01,-5.500665903091430664e-01,9.365532398223876953e-01
9.499999880790710449e-01,1.000000000000000000e+00,1.000000014901161194e-01,-8.991092443466186523e-01,-6.052845120429992676e-01,9.517840743064880371e-01
1.000000000000000000e+00,0.000000000000000000e+00,1.000000014901161194e-01,1.278883516788482666e-01,1.656655550003051758e+00,9.046912193298339844e-01
1.000000000000000000e+00,5.444444715976715088e-02,1.000000014901161194e-01,9.344968199729919434e-02,1.589786767959594727e+00,9.311251640319824219e-01
1.000000000000000000e+00,1.088888943195343018e-01,1.000000014901161194e-01,4.682549834251403809e-02,1.461950540542602539e+00,9.440979361534118652e-01
1.000000000000000000e+00,1.633333414793014526e-01,1.000000014901161194e-01,-1.180580258369445801e-02,1.271058559417724609e+00,9.470357894897460938e-01
1.000000000000000000e+00,2.177777886390686035e-01,1.000000014901161194e-01,-8.671447634696960449e-02,1.035509824752807617e+00,9.449449777603149414e-01
1.000000000000000000e+00,2.722222208976745605e-01,1.000000014901161194e-01,-1.781303584575653076e-01,7.865166068077087402e-01,9.404398202896118164e-01
1.000000000000000000e+00,3.266666531562805176e-01,1.000000014901161194e-01,-2.794200181961059570e-01,5.526246428489685059e-01,9.332763552665710449e-01
1.000000000000000000e+00,3.811111152172088623e-01,1.000000014901161194e-01,-3.816413283348083496e-01,3.499065041542053223e-01,9.229222536087036133e-01
1.000000000000000000e+00,4.355555772781372070e-01,1.000000014901161194e-01,-4.778257608413696289e-01,1.823363304138183594e-01,9.102228283882141113e-01
1.000000000000000000e+00,4.900000095367431641e-01,1.000000014901161194e-01,-5.639534592628479004e-01,4.689043760299682617e-02,8.971427083015441895e-01
1.000000000000000000e+00,5.099999904632568359e-01,1.000000014901161194e-01,-5.926731228828430176e-01,4.111945629119873047e-03,8.926796913146972656e-01
1.000000000000000000e+00,5.644444227218627930e-01,1.000000014901161194e-01,-6.626051068305969238e-01,-9.659874439239501953e-02,8.824741840362548828e-01
1.000000000000000000e+00,6.188888549804687500e-01,1.000000014901161194e-01,-7.207736968994140625e-01,-1.787632107734680176e-01,8.761206865310668945e-01
1.000000000000000000e+00,6.733333468437194824e-01,1.000000014901161194e-01,-7.681452631950378418e-01,-2.474302351474761963e-01,8.742667436599731445e-01
1.000000000000000000e+00,7.277777791023254395e-01,1.000000014901161194e-01,-8.060539960861206055e-01,-3.068396449089050293e-01,8.769294619560241699e-01
1.000000000000000000e+00,7.822222113609313965e-01,1.000000014901161194e-01,-8.359336853027343750e-01,-3.604513406753540039e-01,8.836911320686340332e-01
1.000000000000000000e+00,8.366666436195373535e-01,1.000000014901161194e-01,-8.591469526290893555e-01,-4.110102653503417969e-01,8.938858509063720703e-01
1.000000000000000000e+00,8.911111354827880859e-01,1.000000014901161194e-01,-8.768832683563232422e-01,-4.606009125709533691e-01,9.067453742027282715e-01
1.000000000000000000e+00,9.455555677413940430e-01,1.000000014901161194e-01,-8.901213407516479492e-01,-5.107105374336242676e-01,9.214984178543090820e-01
1.000000000000000000e+00,1.000000000000000000e+00,1.000000014901161194e-01,-8.996195793151855469e-01,-5.622809529304504395e-01,9.374304413795471191e-01
0.000000000000000000e+00,5.000000000000000000e-01,1.000000014901161194e-01,-4.681016206741333008e-01,-1.171168923377990723e+00,9.803176522254943848e-01
9.999999776482582092e-03,5.000000000000000000e-01,1.000000014901161194e-01,-4.738419651985168457e-01,-1.148340940475463867e+00,9.877806305885314941e-01
1.999999955296516418e-02,5.000000000000000000e-01,1.000000014901161194e-01,-4.794570803642272949e-01,-1.125604748725891113e+00,9.949983358383178711e-01
2.999999932944774628e-02,5.000000000000000000e-01,1.000000014901161194e-01,-4.849482774734497070e-01,-1.102977752685546875e+00,1.001964807510375977e+00
3.999999910593032837e-02,5.000000000000000000e-01,1.000000014901161194e-01,-4.903177022933959961e-01,-1.080475568771362305e+00,1.008674025535583496e+00
4.999999701976776123e-02,5.000000000000000000e-01,1.000000014901161194e-01,-4.955662786960601807e-01,-1.058114290237426758e+00,1.015121221542358398e+00
5.999999865889549255e-02,5.000000000000000000e-01,1.000000014901161194e-01,-5.006960630416870117e-01,-1.035910129547119141e+00,1.021301269531250000e+00
7.000000029802322388e-02,5.000000000000000000e-01,1.000000014901161194e-01,-5.057082176208496094e-01,-1.013876795768737793e+00,1.027210474014282227e+00
7.999999821186065674e-02,5.000000000000000000e-01,1.000000014901161194e-01,-5.106040835380554199e-01,-9.920296669006347656e-01,1.032845020294189453e+00
8.999999612569808960e-02,5.000000000000000000e-01,1.000000014901161194e-01,-5.153850317001342773e-01,-9.703812599182128906e-01,1.038202047348022461e+00
9.999999403953552246e-02,5.000000000000000000e-01,1.000000014901161194e-01,-5.200523734092712402e-01,-9.489457607269287109e-01,1.043279170989990234e+00
1.099999994039535522e-01,5.000000000000000000e-01,1.000000014901161194e-01,-5.246071219444274902e-01,-9.277344942092895508e-01,1.048074364662170410e+00
1.199999973177909851e-01,5.000000000000000000e-01,1.000000014901161194e-01,-5.290505290031433105e-01,-9.067602157592773438e-01,1.052586317062377930e+00
1.299999952316284180e-01,5.000000000000000000e-01,1.000000014901161194e-01,-5.333833098411560059e-01,-8.860325813293457031e-01,1.056814670562744141e+00
1.400000005960464478e-01,5.000000000000000000e-01,1.000000014901161194e-01,-5.376070737838745117e-01,-8.655627965927124023e-01,1.060758233070373535e+00
1.499999910593032837e-01,5.000000000000000000e-01,1.000000014901161194e-01,-5.417223572731018066e-01,-8.453593850135803223e-01,1.064418315887451172e+00
1.599999964237213135e-01,5.000000000000000000e-01,1.000000014901161194e-01,-5.457299351692199707e-01,-8.254320621490478516e-01,1.067795395851135254e+00
1.700000017881393433e-01,5.000000000000000000e-01,1.000000014901161194e-01,-5.496308803558349609e-01,-8.057874441146850586e-01,1.070891618728637695e+00
1.799999922513961792e-01,5.000000000000000000e-01,1.000000014901161194e-01,-5.534259080886840820e-01,-7.864330410957336426e-01,1.073708534240722656e+00
1.899999976158142090e-01,5.000000000000000000e-01,1.000000014901161194e-01,-5.571154952049255371e-01,-7.673750519752502441e-01,1.076248884201049805e+00
1.999999880790710449e-01,5.000000000000000000e-01,1.000000014901161194e-01,-5.607010126113891602e-01,-7.486194968223571777e-01,1.078515529632568359e+00
2.099999934434890747e-01,5.000000000000000000e-01,1.000000014901161194e-01,-5.641825199127197266e-01,-7.301706671714782715e-01,1.080512762069702148e+00
2.199999988079071045e-01,5.000000000000000000e-01,1.000000014901161194e-01,-5.675612092018127441e-01,-7.120325565338134766e-01,1.082243680953979492e+00
2.299999892711639404e-01,5.000000000000000000e-01,1.000000014901161194e-01,-5.708370804786682129e-01,-6.942090392112731934e-01,1.083713412284851074e+00
2.399999946355819702e-01,5.000000000000000000e-01,1.000000014901161194e-01,-5.740111470222473145e-01,-6.767016649246215820e-01,1.084926724433898926e+00
2.500000000000000000e-01,5.000000000000000000e-01,1.000000014901161194e-01,-5.770838260650634766e-01,-6.595128774642944336e-01,1.085889220237731934e+00
2.599999904632568359e-01,5.000000000000000000e-01,1.000000014901161194e-01,-5.800561904907226562e-01,-6.426442861557006836e-01,1.086606264114379883e+00
2.699999809265136719e-01,5.000000000000000000e-01,1.000000014901161194e-01,-5.829281806945800781e-01,-6.260962486267089844e-01,1.087084293365478516e+00
2.800000011920928955e-01,5.000000000000000000e-01,1.000000014901161194e-01,-5.857005119323730469e-01,-6.098680496215820312e-01,1.087329506874084473e+00
2.899999916553497314e-01,5.000000000000000000e-01,1.000000014901161194e-01,-5.883741378784179688e-01,-5.939598679542541504e-01,1.087348699569702148e+00
2.999999821186065674e-01,5.000000000000000000e-01,1.000000014901161194e-01,-5.909489989280700684e-01,-5.783705115318298340e-01,1.087148547172546387e+00
3.100000023841857910e-01,5.000000000000000000e-01,1.000000014901161194e-01,-5.934258103370666504e-01,-5.630972981452941895e-01,1.086736917495727539e+00
3.199999928474426270e-01,5.000000000000000000e-01,1.000000014901161194e-01,-5.958058238029479980e-01,-5.481392741203308105e-01,1.086120486259460449e+00
3.299999833106994629e-01,5.000000000000000000e-01,1.000000014901161194e-01,-5.980885624885559082e-01,-5.334931612014770508e-01,1.085307121276855469e+00
3.400000035762786865e-01,5.000000000000000000e-01,1.000000014901161194e-01,-6.002750396728515625e-01,-5.191559791564941406e-01,1.084304571151733398e+00
3.499999940395355225e-01,5.000000000000000000e-01,1.000000014901161194e-01,-6.023659706115722656e-01,-5.051235556602478027e-01,1.083120822906494141e+00
3.599999845027923584e-01,5.000000000000000000e-01,1.000000014901161194e-01,-6.043617129325866699e-01,-4.913931190967559814e-01,1.081762909889221191e+00
3.700000047683715820e-01,5.000000000000000000e-01,1.000000014901161194e-01,-6.062628030776977539e-01,-4.779590070247650146e-01,1.080239772796630859e+00
3.799999952316284180e-01,5.000000000000000000e-01,1.000000014901161194e-01,-6.080701351165771484e-01,-4.648182392120361328e-01,1.078558921813964844e+00
3.899999856948852539e-01,5.000000000000000000e-01,1.000000014901161194e-01,-6.097841858863830566e-01,-4.519641399383544922e-01,1.076728582382202148e+00
3.999999761581420898e-01,5.000000000000000000e-01,1.000000014901161194e-01,-6.114052534103393555e-01,-4.393922090530395508e-01,1.074756026268005371e+00
4.099999964237213135e-01,5.000000000000000000e-01,1.000000014901161194e-01,-6.129343509674072266e-01,-4.270976185798645020e-01,1.072650074958801270e+00
4.199999868869781494e-01,5.000000000000000000e-01,1.000000014901161194e-01,-6.143724322319030762e-01,-4.150742292404174805e-01,1.070418000221252441e+00
4.299999773502349854e-01,5.000000000000000000e-01,1.000000014901161194e-01,-6.157197952270507812e-01,-4.033162891864776611e-01,1.068067073822021484e+00
4.399999976158142090e-01,5.000000000000000000e-01,1.000000014901161194e-01,-6.169769763946533203e-01,-3.918173909187316895e-01,1.065605878829956055e+00
4.499999880790710449e-01,5.000000000000000000e-01,1.000000014901161194e-01,-6.181451082229614258e-01,-3.805714845657348633e-01,1.063040852546691895e+00
4.599999785423278809e-01,5.000000000000000000e-01,1.000000014901161194e-01,-6.192247867584228516e-01,-3.695722520351409912e-01,1.060380339622497559e+00
4.699999988079071045e-01,5.000000000000000000e-01,1.000000014901161194e-01,-6.202172040939331055e-01,-3.588137626647949219e-01,1.057631015777587891e+00
4.799999892711639404e-01,5.000000000000000000e-01,1.000000014901161194e-01,-6.211225390434265137e-01,-3.482889533042907715e-01,1.054799437522888184e+00
4.899999797344207764e-01,5.000000000000000000e-01,1.000000014901161194e-01,-6.219420433044433594e-01,-3.379912972450256348e-01,1.051892995834350586e+00
5.000000000000000000e-01,5.000000000000000000e-01,1.000000014901161194e-01,-6.226767897605895996e-01,-3.279142379760742188e-01,1.048917770385742188e+00
5.099999904632568359e-01,5.000000000000000000e-01,1.000000014901161194e-01,-6.233270764350891113e-01,-3.180512189865112305e-01,1.045880556106567383e+00
5.199999809265136719e-01,5.000000000000000000e-01,1.000000014901161194e-01,-6.238947510719299316e-01,-3.083959817886352539e-01,1.042787075042724609e+00
5.299999713897705078e-01,5.000000000000000000e-01,1.000000014901161194e-01,-6.243799924850463867e-01,-2.989408373832702637e-01,1.039643287658691406e+00
5.400000214576721191e-01,5.000000000000000000e-01,1.000000014901161194e-01,-6.247841119766235352e-01,-2.896796762943267822e-01,1.036455154418945312e+00
5.500000119209289551e-01,5.000000000000000000e-01,1.000000014901161194e-01,-6.251088976860046387e-01,-2.806060910224914551e-01,1.033227682113647461e+00
5.600000023841857910e-01,5.000000000000000000e-01,1.000000014901161194e-01,-6.253539323806762695e-01,-2.717126607894897461e-01,1.029966354370117188e+00
5.700000524520874023e-01,5.000000000000000000e-01,1.000000014901161194e-01,-6.255218386650085449e-01,-2.629933953285217285e-01,1.026676177978515625e+00
5.800000429153442383e-01,5.000000000000000000e-01,1.000000014901161194e-01,-6.256129145622253418e-01,-2.544425129890441895e-01,1.023361563682556152e+00
5.900000333786010742e-01,5.000000000000000000e-01,1.000000014901161194e-01,-6.256283521652221680e-01,-2.460521161556243896e-01,1.020027160644531250e+00
6.000000238418579102e-01,5.000000000000000000e-01,1.000000014901161194e-01,-6.255698204040527344e-01,-2.378164231777191162e-01,1.016677260398864746e+00
6.100000143051147461e-01,5.000000000000000000e-01,1.000000014901161194e-01,-6.254380941390991211e-01,-2.297300398349761963e-01,1.013315439224243164e+00
6.200000047683715820e-01,5.000000000000000000e-01,1.000000014901161194e-01,-6.252348423004150391e-01,-2.217851281166076660e-01,1.009946227073669434e+00
6.299999952316284180e-01,5.000000000000000000e-01,1.000000014901161194e-01,-6.249612569808959961e-01,-2.139768600463867188e-01,1.006572484970092773e+00
6.399999856948852539e-01,5.000000000000000000e-01,1.000000014901161194e-01,-6.246183514595031738e-01,-2.062987685203552246e-01,1.003197550773620605e+00
6.499999761581420898e-01,5.000000000000000000e-01,1.000000014901161194e-01,-6.242078542709350586e-01,-1.987450122833251953e-01,9.998248219490051270e-01
6.599999666213989258e-01,5.000000000000000000e-01,1.000000014901161194e-01,-6.237310767173767090e-01,-1.913094520568847656e-01,9.964570999145507812e-01
6.700000166893005371e-01,5.000000000000000000e-01,1.000000014901161194e-01,-6.231896877288818359e-01,-1.839873790740966797e-01,9.930968284606933594e-01
6.800000071525573730e-01,5.000000000000000000e-01,1.000000014901161194e-01,-6.225841045379638672e-01,-1.767718195915222168e-01,9.897468090057373047e-01
6.899999976158142090e-01,5.000000000000000000e-01,1.000000014901161194e-01,-6.219165325164794922e-01,-1.696581244468688965e-01,9.864088892936706543e-01
7.000000476837158203e-01,5.000000000000000000e-01,1.000000014901161194e-01,-6.211885809898376465e-01,-1.626407504081726074e-01,9.830856323242187500e-01
7.100000381469726562e-01,5.000000000000000000e-01,1.000000014901161194e-01,-6.204011440277099609e-01,-1.557152271270751953e-01,9.797785878181457520e-01
7.200000286102294922e-01,5.000000000000000000e-01,1.000000014901161194e-01,-6.195560693740844727e-01,-1.488751769065856934e-01,9.764896631240844727e-01
7.300000190734863281e-01,5.000000000000000000e-01,1.000000014901161194e-01,-6.186547875404357910e-01,-1.421161890029907227e-01,9.732201695442199707e-01
7.400000095367431641e-01,5.000000000000000000e-01,1.000000014901161194e-01,-6.176990270614624023e-01,-1.354336738586425781e-01,9.699717760086059570e-01
7.500000000000000000e-01,5.000000000000000000e-01,1.000000014901161194e-01,-6.166898012161254883e-01,-1.288223862648010254e-01,9.667459130287170410e-01
7.599999904632568359e-01,5.000000000000000000e-01,1.000000014901161194e-01,-6.156288385391235352e-01,-1.222776174545288086e-01,9.635431170463562012e-01
7.699999809265136719e-01,5.000000000000000000e-01,1.000000014901161194e-01,-6.145176887512207031e-01,-1.157952547073364258e-01,9.603651165962219238e-01
7.799999713897705078e-01,5.000000000000000000e-01,1.000000014901161194e-01,-6.133579015731811523e-01,-1.093709468841552734e-01,9.572121500968933105e-01
7.900000214576721191e-01,5.000000000000000000e-01,1.000000014901161194e-01,-6.121508479118347168e-01,-1.029993295669555664e-01,9.540854096412658691e-01
8.000000119209289551e-01,5.000000000000000000e-01,1.000000014901161194e-01,-6.108977794647216797e-01,-9.667694568634033203e-02,9.509851336479187012e-01
8.100000023841857910e-01,5.000000000000000000e-01,1.000000014901161194e-01,-6.096009612083435059e-01,-9.039998054504394531e-02,9.479122757911682129e-01
8.199999928474426270e-01,5.000000000000000000e-01,1.000000014901161194e-01,-6.082611680030822754e-01,-8.416444063186645508e-02,9.448670148849487305e-01
8.299999833106994629e-01,5.000000000000000000e-01,1.000000014901161194e-01,-6.068807244300842285e-01,-7.796567678451538086e-02,9.418496489524841309e-01
8.400000333786010742e-01,5.000000000000000000e-01,1.000000014901161194e-01,-6.054601073265075684e-01,-7.180017232894897461e-02,9.388607740402221680e-01
8.500000238418579102e-01,5.000000000000000000e-01,1.000000014901161194e-01,-6.040011048316955566e-01,-6.566405296325683594e-02,9.359003901481628418e-01
8.600000143051147461e-01,5.000000000000000000e-01,1.000000014901161194e-01,-6.025065183639526367e-01,-5.955475568771362305e-02,9.329681396484375000e-01
8.700000047683715820e-01,5.000000000000000000e-01,1.000000014901161194e-01,-6.009753942489624023e-01,-5.346721410751342773e-02,9.300652146339416504e-01
8.799999952316284180e-01,5.000000000000000000e-01,1.000000014901161194e-01,-5.994112491607666016e-01,-4.739892482757568359e-02,9.271905422210693359e-01
8.899999856948852539e-01,5.000000000000000000e-01,1.000000014901161194e-01,-5.978147387504577637e-01,-4.134666919708251953e-02,9.243445396423339844e-01
8.999999761581420898e-01,5.000000000000000000e-01,1.000000014901161194e-01,-5.961870551109313965e-01,-3.530657291412353516e-02,9.215270280838012695e-01
9.100000262260437012e-01,5.000000000000000000e-01,1.000000014901161194e-01,-5.945297479629516602e-01,-2.927559614181518555e-02,9.187381267547607422e-01
9.200000166893005371e-01,5.000000000000000000e-01,1.000000014901161194e-01,-5.928443670272827148e-01,-2.325081825256347656e-02,9.159771800041198730e-01
9.300000071525573730e-01,5.000000000000000000e-01,1.000000014901161194e-01,-5.911328196525573730e-01,-1.722937822341918945e-02,9.132441878318786621e-01
9.399999976158142090e-01,5.000000000000000000e-01,1.000000014901161194e-01,-5.893958210945129395e-01,-1.120805740356445312e-02,9.105390906333923340e-01
9.499999880790710449e-01,5.000000000000000000e-01,1.000000014901161194e-01,-5.876345634460449219e-01,-5.183458328247070312e-03,9.078615903854370117e-01
9.599999785423278809e-01,5.000000000000000000e-01,1.000000014901161194e-01,-5.858508944511413574e-01,8.457899093627929688e-04,9.052110314369201660e-01
9.700000286102294922e-01,5.000000000000000000e-01,1.000000014901161194e-01,-5.840458273887634277e-01,6.883621215820312500e-03,9.025871157646179199e-01
9.800000190734863281e-01,5.000000000000000000e-01,1.000000014901161194e-01,-5.822204351425170898e-01,1.293277740478515625e-02,8.999903798103332520e-01
9.900000095367431641e-01,5.000000000000000000e-01,1.000000014901161194e-01,-5.803769230842590332e-01,1.899445056915283203e-02,8.974192142486572266e-01
1.000000000000000000e+00,5.000000000000000000e-01,1.000000014901161194e-01,-5.785162448883056641e-01,2.507251501083374023e-02,8.948742747306823730e-01
