# t,x,y,u1,u2,c
0.000000000000000000e+00,0.000000000000000000e+00,0.000000000000000000e+00,-3.680586814880371094e-06,2.552807331085205078e-03,-2.564340829849243164e-03
0.000000000000000000e+00,5.444444715976715088e-02,0.000000000000000000e+00,-4.659593105316162109e-05,2.547442913055419922e-03,-2.278387546539306641e-03
0.000000000000000000e+00,1.088888943195343018e-01,0.000000000000000000e+00,-8.328258991241455078e-05,2.538353204727172852e-03,-2.014815807342529297e-03
0.000000000000000000e+00,1.633333414793014526e-01,0.000000000000000000e+00,-1.135617494583129883e-04,2.525001764297485352e-03,-1.828938722610473633e-03
0.000000000000000000e+00,2.177777886390686035e-01,0.000000000000000000e+00,-1.376718282699584961e-04,2.507627010345458984e-03,-1.804232597351074219e-03
0.000000000000000000e+00,2.722222208976745605e-01,0.000000000000000000e+00,-1.563280820846557617e-04,2.487570047378540039e-03,-2.097249031066894531e-03
0.000000000000000000e+00,3.266666531562805176e-01,0.000000000000000000e+00,-1.690536737442016602e-04,2.453267574310302734e-03,-3.011971712112426758e-03
0.000000000000000000e+00,3.811111152172088623e-01,0.000000000000000000e+00,-1.715272665023803711e-04,2.352625131607055664e-03,-5.059927701950073242e-03
0.000000000000000000e+00,4.355555772781372070e-01,0.000000000000000000e+00,-1.529008150100708008e-04,2.007961273193359375e-03,-1.109808683395385742e-03
0.000000000000000000e+00,4.900000095367431641e-01,0.000000000000000000e+00,-1.106709241867065430e-04,8.244514465332031250e-04,6.447144746780395508e-01
0.000000000000000000e+00,5.099999904632568359e-01,0.000000000000000000e+00,-1.782327890396118164e-04,-9.876787662506103516e-04,6.564155817031860352e-01
0.000000000000000000e+00,5.644444227218627930e-01,0.000000000000000000e+00,-2.093166112899780273e-04,-1.968234777450561523e-03,8.236259222030639648e-03
0.000000000000000000e+00,6.188888549804687500e-01,0.000000000000000000e+00,-2.166777849197387695e-04,-2.205729484558105469e-03,-3.634989261627197266e-03
0.000000000000000000e+00,6.733333468437194824e-01,0.000000000000000000e+00,-2.137571573257446289e-04,-2.307772636413574219e-03,-4.923880100250244141e-03
0.000000000000000000e+00,7.277777791023254395e-01,0.000000000000000000e+00,-2.108663320541381836e-04,-2.364546060562133789e-03,-5.193978548049926758e-03
0.000000000000000000e+00,7.822222113609313965e-01,0.000000000000000000e+00,-2.108961343765258789e-04,-2.389371395111083984e-03,-5.352228879928588867e-03
0.000000000000000000e+00,8.366666436195373535e-01,0.000000000000000000e+00,-2.136677503585815430e-04,-2.392619848251342773e-03,-5.542188882827758789e-03
0.000000000000000000e+00,8.911111354827880859e-01,0.000000000000000000e+00,-2.185851335525512695e-04,-2.381861209869384766e-03,-5.793660879135131836e-03
0.000000000000000000e+00,9.455555677413940430e-01,0.000000000000000000e+00,-2.258867025375366211e-04,-2.360850572586059570e-03,-6.112545728683471680e-03
0.000000000000000000e+00,1.000000000000000000e+00,0.000000000000000000e+00,-2.356916666030883789e-04,-2.332568168640136719e-03,-6.500095129013061523e-03
5.000000074505805969e-02,0.000000000000000000e+00,0.000000000000000000e+00,-4.336237907409667969e-06,2.547532320022583008e-03,-2.482444047927856445e-03
5.000000074505805969e-02,5.444444715976715088e-02,0.000000000000000000e+00,-4.689395427703857422e-05,2.541780471801757812e-03,-2.189040184020996094e-03
5.000000074505805969e-02,1.088888943195343018e-01,0.000000000000000000e+00,-8.331239223480224609e-05,2.532213926315307617e-03,-1.918137073516845703e-03
5.000000074505805969e-02,1.633333414793014526e-01,0.000000000000000000e+00,-1.132041215896606445e-04,2.517759799957275391e-03,-1.722127199172973633e-03
5.000000074505805969e-02,2.177777886390686035e-01,0.000000000000000000e+00,-1.371353864669799805e-04,2.499729394912719727e-03,-1.688450574874877930e-03
5.000000074505805969e-02,2.722222208976745605e-01,0.000000000000000000e+00,-1.553744077682495117e-04,2.478301525115966797e-03,-1.971751451492309570e-03
5.000000074505805969e-02,3.266666531562805176e-01,0.000000000000000000e+00,-1.675933599472045898e-04,2.442359924316406250e-03,-2.881407737731933594e-03
5.000000074505805969e-02,3.811111152172088623e-01,0.000000000000000000e+00,-1.696199178695678711e-04,2.338349819183349609e-03,-4.911273717880249023e-03
5.000000074505805969e-02,4.355555772781372070e-01,0.000000000000000000e+00,-1.509040594100952148e-04,1.991003751754760742e-03,-4.680156707763671875e-04
5.000000074505805969e-02,4.900000095367431641e-01,0.000000000000000000e+00,-1.106709241867065430e-04,8.063614368438720703e-04,6.572424173355102539e-01
5.000000074505805969e-02,5.099999904632568359e-01,0.000000000000000000e+00,-1.779943704605102539e-04,-9.855031967163085938e-04,6.562981605529785156e-01
5.000000074505805969e-02,5.644444227218627930e-01,0.000000000000000000e+00,-2.093464136123657227e-04,-1.960873603820800781e-03,8.742243051528930664e-03
5.000000074505805969e-02,6.188888549804687500e-01,0.000000000000000000e+00,-2.166479825973510742e-04,-2.202630043029785156e-03,-3.564715385437011719e-03
5.000000074505805969e-02,6.733333468437194824e-01,0.000000000000000000e+00,-2.138167619705200195e-04,-2.305924892425537109e-03,-4.904985427856445312e-03
5.000000074505805969e-02,7.277777791023254395e-01,0.000000000000000000e+00,-2.107471227645874023e-04,-2.364367246627807617e-03,-5.181163549423217773e-03
5.000000074505805969e-02,7.822222113609313965e-01,0.000000000000000000e+00,-2.107173204421997070e-04,-2.390384674072265625e-03,-5.335479974746704102e-03
5.000000074505805969e-02,8.366666436195373535e-01,0.000000000000000000e+00,-2.132505178451538086e-04,-2.395182847976684570e-03,-5.518585443496704102e-03
5.000000074505805969e-02,8.911111354827880859e-01,0.000000000000000000e+00,-2.178102731704711914e-04,-2.385497093200683594e-03,-5.758553743362426758e-03
5.000000074505805969e-02,9.455555677413940430e-01,0.000000000000000000e+00,-2.245754003524780273e-04,-2.366036176681518555e-03,-6.062895059585571289e-03
5.000000074505805969e-02,1.000000000000000000e+00,0.000000000000000000e+00,-2.337843179702758789e-04,-2.339303493499755859e-03,-6.431013345718383789e-03
1.000000014901161194e-01,0.000000000000000000e+00,0.000000000000000000e+00,-5.111098289489746094e-06,2.543210983276367188e-03,-2.407222986221313477e-03
1.000000014901161194e-01,5.444444715976715088e-02,0.000000000000000000e+00,-4.743039608001708984e-05,2.536714076995849609e-03,-2.107292413711547852e-03
1.000000014901161194e-01,1.088888943195343018e-01,0.000000000000000000e+00,-8.352100849151611328e-05,2.526581287384033203e-03,-1.828759908676147461e-03
1.000000014901161194e-01,1.633333414793014526e-01,0.000000000000000000e+00,-1.131147146224975586e-04,2.511471509933471680e-03,-1.625061035156250000e-03
1.000000014901161194e-01,2.177777886390686035e-01,0.000000000000000000e+00,-1.365691423416137695e-04,2.492427825927734375e-03,-1.582413911819458008e-03
1.000000014901161194e-01,2.722222208976745605e-01,0.000000000000000000e+00,-1.546293497085571289e-04,2.469897270202636719e-03,-1.858323812484741211e-03
1.000000014901161194e-01,3.266666531562805176e-01,0.000000000000000000e+00,-1.664906740188598633e-04,2.432554960250854492e-03,-2.761423587799072266e-03
1.000000014901161194e-01,3.811111152172088623e-01,0.000000000000000000e+00,-1.680701971054077148e-04,2.324968576431274414e-03,-4.776030778884887695e-03
1.000000014901161194e-01,4.355555772781372070e-01,0.000000000000000000e+00,-1.489371061325073242e-04,1.974612474441528320e-03,1.734197139739990234e-04
1.000000014901161194e-01,4.900000095367431641e-01,0.000000000000000000e+00,-1.109987497329711914e-04,7.891058921813964844e-04,6.692265272140502930e-01
1.000000014901161194e-01,5.099999904632568359e-01,0.000000000000000000e+00,-1.777559518814086914e-04,-9.828209877014160156e-04,6.566742658615112305e-01
1.000000014901161194e-01,5.644444227218627930e-01,0.000000000000000000e+00,-2.094060182571411133e-04,-1.953005790710449219e-03,9.270578622817993164e-03
1.000000014901161194e-01,6.188888549804687500e-01,0.000000000000000000e+00,-2.166181802749633789e-04,-2.199113368988037109e-03,-3.493249416351318359e-03
1.000000014901161194e-01,6.733333468437194824e-01,0.000000000000000000e+00,-2.139359712600708008e-04,-2.304315567016601562e-03,-4.886388778686523438e-03
1.000000014901161194e-01,7.277777791023254395e-01,0.000000000000000000e+00,-2.106875181198120117e-04,-2.363711595535278320e-03,-5.169600248336791992e-03
1.000000014901161194e-01,7.822222113609313965e-01,0.000000000000000000e+00,-2.104192972183227539e-04,-2.391278743743896484e-03,-5.320698022842407227e-03
1.000000014901161194e-01,8.366666436195373535e-01,0.000000000000000000e+00,-2.126544713973999023e-04,-2.397269010543823242e-03,-5.496352910995483398e-03
1.000000014901161194e-01,8.911111354827880859e-01,0.000000000000000000e+00,-2.169758081436157227e-04,-2.388834953308105469e-03,-5.726188421249389648e-03
1.000000014901161194e-01,9.455555677413940430e-01,0.000000000000000000e+00,-2.233535051345825195e-04,-2.370685338973999023e-03,-6.016701459884643555e-03
1.000000014901161194e-01,1.000000000000000000e+00,0.000000000000000000e+00,-2.319365739822387695e-04,-2.345621585845947266e-03,-6.367057561874389648e-03
1.500000059604644775e-01,0.000000000000000000e+00,0.000000000000000000e+00,-5.975365638732910156e-06,2.539515495300292969e-03,-2.337902784347534180e-03
1.500000059604644775e-01,5.444444715976715088e-02,0.000000000000000000e+00,-4.802644252777099609e-05,2.532720565795898438e-03,-2.032488584518432617e-03
1.500000059604644775e-01,1.088888943195343018e-01,0.000000000000000000e+00,-8.375942707061767578e-05,2.521663904190063477e-03,-1.747220754623413086e-03
1.500000059604644775e-01,1.633333414793014526e-01,0.000000000000000000e+00,-1.131147146224975586e-04,2.505898475646972656e-03,-1.535713672637939453e-03
1.500000059604644775e-01,2.177777886390686035e-01,0.000000000000000000e+00,-1.363009214401245117e-04,2.486109733581542969e-03,-1.484513282775878906e-03
1.500000059604644775e-01,2.722222208976745605e-01,0.000000000000000000e+00,-1.540035009384155273e-04,2.462595701217651367e-03,-1.754403114318847656e-03
1.500000059604644775e-01,3.266666531562805176e-01,0.000000000000000000e+00,-1.654475927352905273e-04,2.423256635665893555e-03,-2.652674913406372070e-03
1.500000059604644775e-01,3.811111152172088623e-01,0.000000000000000000e+00,-1.666992902755737305e-04,2.312541007995605469e-03,-4.652738571166992188e-03
1.500000059604644775e-01,4.355555772781372070e-01,0.000000000000000000e+00,-1.475363969802856445e-04,1.959383487701416016e-03,8.177757263183593750e-04
1.500000059604644775e-01,4.900000095367431641e-01,0.000000000000000000e+00,-1.112669706344604492e-04,7.724165916442871094e-04,6.807028055191040039e-01
1.500000059604644775e-01,5.099999904632568359e-01,0.000000000000000000e+00,-1.776665449142456055e-04,-9.794831275939941406e-04,6.574959754943847656e-01
1.500000059604644775e-01,5.644444227218627930e-01,0.000000000000000000e+00,-2.095848321914672852e-04,-1.944780349731445312e-03,9.821802377700805664e-03
1.500000059604644775e-01,6.188888549804687500e-01,0.000000000000000000e+00,-2.167373895645141602e-04,-2.195537090301513672e-03,-3.418803215026855469e-03
1.500000059604644775e-01,6.733333468437194824e-01,0.000000000000000000e+00,-2.140253782272338867e-04,-2.302289009094238281e-03,-4.868805408477783203e-03
1.500000059604644775e-01,7.277777791023254395e-01,0.000000000000000000e+00,-2.105683088302612305e-04,-2.363234758377075195e-03,-5.157917737960815430e-03
1.500000059604644775e-01,7.822222113609313965e-01,0.000000000000000000e+00,-2.101808786392211914e-04,-2.391993999481201172e-03,-5.306810140609741211e-03
1.500000059604644775e-01,8.366666436195373535e-01,0.000000000000000000e+00,-2.122670412063598633e-04,-2.399116754531860352e-03,-5.476206541061401367e-03
1.500000059604644775e-01,8.911111354827880859e-01,0.000000000000000000e+00,-2.162605524063110352e-04,-2.391934394836425781e-03,-5.696147680282592773e-03
1.500000059604644775e-01,9.455555677413940430e-01,0.000000000000000000e+00,-2.223402261734008789e-04,-2.375096082687377930e-03,-5.973666906356811523e-03
1.500000059604644775e-01,1.000000000000000000e+00,0.000000000000000000e+00,-2.302676439285278320e-04,-2.351462841033935547e-03,-6.307750940322875977e-03
2.000000029802322388e-01,0.000000000000000000e+00,0.000000000000000000e+00,-6.929039955139160156e-06,2.536654472351074219e-03,-2.274364233016967773e-03
2.000000029802322388e-01,5.444444715976715088e-02,0.000000000000000000e+00,-4.868209362030029297e-05,2.529233694076538086e-03,-1.964002847671508789e-03
2.000000029802322388e-01,1.088888943195343018e-01,0.000000000000000000e+00,-8.420646190643310547e-05,2.517938613891601562e-03,-1.672655344009399414e-03
2.000000029802322388e-01,1.633333414793014526e-01,0.000000000000000000e+00,-1.132041215896606445e-04,2.501189708709716797e-03,-1.453936100006103516e-03
2.000000029802322388e-01,2.177777886390686035e-01,0.000000000000000000e+00,-1.362413167953491211e-04,2.480596303939819336e-03,-1.396000385284423828e-03
2.000000029802322388e-01,2.722222208976745605e-01,0.000000000000000000e+00,-1.535266637802124023e-04,2.455949783325195312e-03,-1.658678054809570312e-03
2.000000029802322388e-01,3.266666531562805176e-01,0.000000000000000000e+00,-1.645833253860473633e-04,2.414613962173461914e-03,-2.552896738052368164e-03
2.000000029802322388e-01,3.811111152172088623e-01,0.000000000000000000e+00,-1.655668020248413086e-04,2.300828695297241211e-03,-4.539042711257934570e-03
2.000000029802322388e-01,4.355555772781372070e-01,0.000000000000000000e+00,-1.462250947952270508e-04,1.944780349731445312e-03,1.466661691665649414e-03
2.000000029802322388e-01,4.900000095367431641e-01,0.000000000000000000e+00,-1.117736101150512695e-04,7.564425468444824219e-04,6.916954517364501953e-01
2.000000029802322388e-01,5.099999904632568359e-01,0.000000000000000000e+00,-1.775175333023071289e-04,-9.756386280059814453e-04,6.587204933166503906e-01
2.000000029802322388e-01,5.644444227218627930e-01,0.000000000000000000e+00,-2.097338438034057617e-04,-1.936465501785278320e-03,1.039704680442810059e-02
2.000000029802322388e-01,6.188888549804687500e-01,0.000000000000000000e+00,-2.168267965316772461e-04,-2.191483974456787109e-03,-3.342986106872558594e-03
2.000000029802322388e-01,6.733333468437194824e-01,0.000000000000000000e+00,-2.140849828720092773e-04,-2.300202846527099609e-03,-4.850447177886962891e-03
2.000000029802322388e-01,7.277777791023254395e-01,0.000000000000000000e+00,-2.106279134750366211e-04,-2.362489700317382812e-03,-5.148023366928100586e-03
2.000000029802322388e-01,7.822222113609313965e-01,0.000000000000000000e+00,-2.100020647048950195e-04,-2.392470836639404297e-03,-5.294412374496459961e-03
2.000000029802322388e-01,8.366666436195373535e-01,0.000000000000000000e+00,-2.118498086929321289e-04,-2.400606870651245117e-03,-5.457073450088500977e-03
2.000000029802322388e-01,8.911111354827880859e-01,0.000000000000000000e+00,-2.156645059585571289e-04,-2.394735813140869141e-03,-5.668789148330688477e-03
2.000000029802322388e-01,9.455555677413940430e-01,0.000000000000000000e+00,-2.213567495346069336e-04,-2.379149198532104492e-03,-5.934029817581176758e-03
2.000000029802322388e-01,1.000000000000000000e+00,0.000000000000000000e+00,-2.288371324539184570e-04,-2.356886863708496094e-03,-6.251960992813110352e-03
2.500000000000000000e-01,0.000000000000000000e+00,0.000000000000000000e+00,-7.942318916320800781e-06,2.534180879592895508e-03,-2.216428518295288086e-03
2.500000000000000000e-01,5.444444715976715088e-02,0.000000000000000000e+00,-4.948675632476806641e-05,2.526521682739257812e-03,-1.901656389236450195e-03
2.500000000000000000e-01,1.088888943195343018e-01,0.000000000000000000e+00,-8.477270603179931641e-05,2.514600753784179688e-03,-1.604110002517700195e-03
2.500000000000000000e-01,1.633333414793014526e-01,0.000000000000000000e+00,-1.135319471359252930e-04,2.497225999832153320e-03,-1.378506422042846680e-03
2.500000000000000000e-01,2.177777886390686035e-01,0.000000000000000000e+00,-1.362115144729614258e-04,2.475827932357788086e-03,-1.315176486968994141e-03
2.500000000000000000e-01,2.722222208976745605e-01,0.000000000000000000e+00,-1.531690359115600586e-04,2.449989318847656250e-03,-1.571714878082275391e-03
2.500000000000000000e-01,3.266666531562805176e-01,0.000000000000000000e+00,-1.640766859054565430e-04,2.406895160675048828e-03,-2.463221549987792969e-03
2.500000000000000000e-01,3.811111152172088623e-01,0.000000000000000000e+00,-1.645535230636596680e-04,2.289682626724243164e-03,-4.435956478118896484e-03
2.500000000000000000e-01,4.355555772781372070e-01,0.000000000000000000e+00,-1.454204320907592773e-04,1.930862665176391602e-03,2.121031284332275391e-03
2.500000000000000000e-01,4.900000095367431641e-01,0.000000000000000000e+00,-1.123696565628051758e-04,7.407069206237792969e-04,7.022250890731811523e-01
2.500000000000000000e-01,5.099999904632568359e-01,0.000000000000000000e+00,-1.775175333023071289e-04,-9.716749191284179688e-04,6.603134870529174805e-01
2.500000000000000000e-01,5.644444227218627930e-01,0.000000000000000000e+00,-2.099722623825073242e-04,-1.927912235260009766e-03,1.099583506584167480e-02
2.500000000000000000e-01,6.188888549804687500e-01,0.000000000000000000e+00,-2.169162034988403320e-04,-2.187430858612060547e-03,-3.264605998992919922e-03
2.500000000000000000e-01,6.733333468437194824e-01,0.000000000000000000e+00,-2.141743898391723633e-04,-2.297937870025634766e-03,-4.831790924072265625e-03
2.500000000000000000e-01,7.277777791023254395e-01,0.000000000000000000e+00,-2.106279134750366211e-04,-2.361416816711425781e-03,-5.138605833053588867e-03
2.500000000000000000e-01,7.822222113609313965e-01,0.000000000000000000e+00,-2.098828554153442383e-04,-2.392709255218505859e-03,-5.282968282699584961e-03
2.500000000000000000e-01,8.366666436195373535e-01,0.000000000000000000e+00,-2.115219831466674805e-04,-2.402037382125854492e-03,-5.439668893814086914e-03
2.500000000000000000e-01,8.911111354827880859e-01,0.000000000000000000e+00,-2.151280641555786133e-04,-2.397149801254272461e-03,-5.643099546432495117e-03
2.500000000000000000e-01,9.455555677413940430e-01,0.000000000000000000e+00,-2.204328775405883789e-04,-2.382963895797729492e-03,-5.896478891372680664e-03
2.500000000000000000e-01,1.000000000000000000e+00,0.000000000000000000e+00,-2.276152372360229492e-04,-2.361804246902465820e-03,-6.200402975082397461e-03
3.000000119209289551e-01,0.000000000000000000e+00,0.000000000000000000e+00,-9.045004844665527344e-06,2.532541751861572266e-03,-2.163678407669067383e-03
3.000000119209289551e-01,5.444444715976715088e-02,0.000000000000000000e+00,-5.032122135162353516e-05,2.524644136428833008e-03,-1.844257116317749023e-03
3.000000119209289551e-01,1.088888943195343018e-01,0.000000000000000000e+00,-8.536875247955322266e-05,2.511769533157348633e-03,-1.541167497634887695e-03
3.000000119209289551e-01,1.633333414793014526e-01,0.000000000000000000e+00,-1.138299703598022461e-04,2.493649721145629883e-03,-1.310437917709350586e-03
3.000000119209289551e-01,2.177777886390686035e-01,0.000000000000000000e+00,-1.362413167953491211e-04,2.471566200256347656e-03,-1.240164041519165039e-03
3.000000119209289551e-01,2.722222208976745605e-01,0.000000000000000000e+00,-1.529604196548461914e-04,2.444744110107421875e-03,-1.492887735366821289e-03
3.000000119209289551e-01,3.266666531562805176e-01,0.000000000000000000e+00,-1.634210348129272461e-04,2.399712800979614258e-03,-2.383083105087280273e-03
3.000000119209289551e-01,3.811111152172088623e-01,0.000000000000000000e+00,-1.638978719711303711e-04,2.279102802276611328e-03,-4.343032836914062500e-03
3.000000119209289551e-01,4.355555772781372070e-01,0.000000000000000000e+00,-1.446455717086791992e-04,1.917719841003417969e-03,2.782315015792846680e-03
3.000000119209289551e-01,4.900000095367431641e-01,0.000000000000000000e+00,-1.129955053329467773e-04,7.258057594299316406e-04,7.123012542724609375e-01
3.000000119209289551e-01,5.099999904632568359e-01,0.000000000000000000e+00,-1.775473356246948242e-04,-9.670853614807128906e-04,6.622449159622192383e-01
3.000000119209289551e-01,5.644444227218627930e-01,0.000000000000000000e+00,-2.102404832839965820e-04,-1.919329166412353516e-03,1.162126660346984863e-02
3.000000119209289551e-01,6.188888549804687500e-01,0.000000000000000000e+00,-2.170056104660034180e-04,-2.183139324188232422e-03,-3.183901309967041016e-03
3.000000119209289551e-01,6.733333468437194824e-01,0.000000000000000000e+00,-2.142935991287231445e-04,-2.295672893524169922e-03,-4.813730716705322266e-03
3.000000119209289551e-01,7.277777791023254395e-01,0.000000000000000000e+00,-2.105683088302612305e-04,-2.360582351684570312e-03,-5.129545927047729492e-03
3.000000119209289551e-01,7.822222113609313965e-01,0.000000000000000000e+00,-2.096444368362426758e-04,-2.392709255218505859e-03,-5.272179841995239258e-03
3.000000119209289551e-01,8.366666436195373535e-01,0.000000000000000000e+00,-2.111345529556274414e-04,-2.403169870376586914e-03,-5.423814058303833008e-03
3.000000119209289551e-01,8.911111354827880859e-01,0.000000000000000000e+00,-2.145320177078247070e-04,-2.399295568466186523e-03,-5.619257688522338867e-03
3.000000119209289551e-01,9.455555677413940430e-01,0.000000000000000000e+00,-2.195388078689575195e-04,-2.386361360549926758e-03,-5.862206220626831055e-03
3.000000119209289551e-01,1.000000000000000000e+00,0.000000000000000000e+00,-2.263039350509643555e-04,-2.366513013839721680e-03,-6.152063608169555664e-03
3.499999940395355225e-01,0.000000000000000000e+00,0.000000000000000000e+00,-1.023709774017333984e-05,2.531498670578002930e-03,-2.115517854690551758e-03
3.499999940395355225e-01,5.444444715976715088e-02,0.000000000000000000e+00,-5.124509334564208984e-05,2.522975206375122070e-03,-1.791924238204956055e-03
3.499999940395355225e-01,1.088888943195343018e-01,0.000000000000000000e+00,-8.608400821685791016e-05,2.509623765945434570e-03,-1.484066247940063477e-03
3.499999940395355225e-01,1.633333414793014526e-01,0.000000000000000000e+00,-1.143664121627807617e-04,2.490967512130737305e-03,-1.248210668563842773e-03
3.499999940395355225e-01,2.177777886390686035e-01,0.000000000000000000e+00,-1.363605260848999023e-04,2.467721700668334961e-03,-1.172989606857299805e-03
3.499999940395355225e-01,2.722222208976745605e-01,0.000000000000000000e+00,-1.529008150100708008e-04,2.439826726913452148e-03,-1.421123743057250977e-03
3.499999940395355225e-01,3.266666531562805176e-01,0.000000000000000000e+00,-1.630038022994995117e-04,2.393037080764770508e-03,-2.310127019882202148e-03
3.499999940395355225e-01,3.811111152172088623e-01,0.000000000000000000e+00,-1.631528139114379883e-04,2.269119024276733398e-03,-4.258185625076293945e-03
3.499999940395355225e-01,4.355555772781372070e-01,0.000000000000000000e+00,-1.441687345504760742e-04,1.905292272567749023e-03,3.452181816101074219e-03
3.499999940395355225e-01,4.900000095367431641e-01,0.000000000000000000e+00,-1.137107610702514648e-04,7.111132144927978516e-04,7.219427824020385742e-01
3.499999940395355225e-01,5.099999904632568359e-01,0.000000000000000000e+00,-1.776069402694702148e-04,-9.623467922210693359e-04,6.644806861877441406e-01
3.499999940395355225e-01,5.644444227218627930e-01,0.000000000000000000e+00,-2.104490995407104492e-04,-1.910269260406494141e-03,1.227292418479919434e-02
3.499999940395355225e-01,6.188888549804687500e-01,0.000000000000000000e+00,-2.170652151107788086e-04,-2.178847789764404297e-03,-3.100514411926269531e-03
3.499999940395355225e-01,6.733333468437194824e-01,0.000000000000000000e+00,-2.144724130630493164e-04,-2.293288707733154297e-03,-4.795610904693603516e-03
3.499999940395355225e-01,7.277777791023254395e-01,0.000000000000000000e+00,-2.106279134750366211e-04,-2.359449863433837891e-03,-5.121976137161254883e-03
3.499999940395355225e-01,7.822222113609313965e-01,0.000000000000000000e+00,-2.095848321914672852e-04,-2.392768859863281250e-03,-5.262285470962524414e-03
3.499999940395355225e-01,8.366666436195373535e-01,0.000000000000000000e+00,-2.108067274093627930e-04,-2.404242753982543945e-03,-5.409330129623413086e-03
3.499999940395355225e-01,8.911111354827880859e-01,0.000000000000000000e+00,-2.139955759048461914e-04,-2.401322126388549805e-03,-5.596667528152465820e-03
3.499999940395355225e-01,9.455555677413940430e-01,0.000000000000000000e+00,-2.188235521316528320e-04,-2.389281988143920898e-03,-5.830019712448120117e-03
3.499999940395355225e-01,1.000000000000000000e+00,0.000000000000000000e+00,-2.252310514450073242e-04,-2.370983362197875977e-03,-6.107360124588012695e-03
4.000000059604644775e-01,0.000000000000000000e+00,0.000000000000000000e+00,-1.142919063568115234e-05,2.531111240386962891e-03,-2.071470022201538086e-03
4.000000059604644775e-01,5.444444715976715088e-02,0.000000000000000000e+00,-5.231797695159912109e-05,2.522140741348266602e-03,-1.744002103805541992e-03
4.000000059604644775e-01,1.088888943195343018e-01,0.000000000000000000e+00,-8.682906627655029297e-05,2.508133649826049805e-03,-1.431614160537719727e-03
4.000000059604644775e-01,1.633333414793014526e-01,0.000000000000000000e+00,-1.148432493209838867e-04,2.488523721694946289e-03,-1.190930604934692383e-03
4.000000059604644775e-01,2.177777886390686035e-01,0.000000000000000000e+00,-1.366585493087768555e-04,2.464622259140014648e-03,-1.111477613449096680e-03
4.000000059604644775e-01,2.722222208976745605e-01,0.000000000000000000e+00,-1.530498266220092773e-04,2.435714006423950195e-03,-1.355797052383422852e-03
4.000000059604644775e-01,3.266666531562805176e-01,0.000000000000000000e+00,-1.628249883651733398e-04,2.387046813964843750e-03,-2.245336771011352539e-03
4.000000059604644775e-01,3.811111152172088623e-01,0.000000000000000000e+00,-1.626461744308471680e-04,2.259761095046997070e-03,-4.181623458862304688e-03
4.000000059604644775e-01,4.355555772781372070e-01,0.000000000000000000e+00,-1.439899206161499023e-04,1.893460750579833984e-03,4.131942987442016602e-03
4.000000059604644775e-01,4.900000095367431641e-01,0.000000000000000000e+00,-1.144558191299438477e-04,6.969869136810302734e-04,7.311464548110961914e-01
4.000000059604644775e-01,5.099999904632568359e-01,0.000000000000000000e+00,-1.776963472366333008e-04,-9.571909904479980469e-04,6.669994592666625977e-01
4.000000059604644775e-01,5.644444227218627930e-01,0.000000000000000000e+00,-2.108365297317504883e-04,-1.901000738143920898e-03,1.295319199562072754e-02
4.000000059604644775e-01,6.188888549804687500e-01,0.000000000000000000e+00,-2.171844244003295898e-04,-2.174317836761474609e-03,-3.014326095581054688e-03
4.000000059604644775e-01,6.733333468437194824e-01,0.000000000000000000e+00,-2.145916223526000977e-04,-2.290546894073486328e-03,-4.777431488037109375e-03
4.000000059604644775e-01,7.277777791023254395e-01,0.000000000000000000e+00,-2.107173204421997070e-04,-2.357900142669677734e-03,-5.113512277603149414e-03
4.000000059604644775e-01,7.822222113609313965e-01,0.000000000000000000e+00,-2.094358205795288086e-04,-2.392590045928955078e-03,-5.253702402114868164e-03
4.000000059604644775e-01,8.366666436195373535e-01,0.000000000000000000e+00,-2.106279134750366211e-04,-2.404958009719848633e-03,-5.396097898483276367e-03
4.000000059604644775e-01,8.911111354827880859e-01,0.000000000000000000e+00,-2.134591341018676758e-04,-2.403467893600463867e-03,-5.576282739639282227e-03
4.000000059604644775e-01,9.455555677413940430e-01,0.000000000000000000e+00,-2.181082963943481445e-04,-2.392262220382690430e-03,-5.800157785415649414e-03
4.000000059604644775e-01,1.000000000000000000e+00,0.000000000000000000e+00,-2.240985631942749023e-04,-2.374917268753051758e-03,-6.065696477890014648e-03
4.499999880790710449e-01,0.000000000000000000e+00,0.000000000000000000e+00,-1.253187656402587891e-05,2.530962228775024414e-03,-2.030819654464721680e-03
4.499999880790710449e-01,5.444444715976715088e-02,0.000000000000000000e+00,-5.330145359039306641e-05,2.521544694900512695e-03,-1.699775457382202148e-03
4.499999880790710449e-01,1.088888943195343018e-01,0.000000000000000000e+00,-8.763372898101806641e-05,2.506822347640991211e-03,-1.384347677230834961e-03
4.499999880790710449e-01,1.633333414793014526e-01,0.000000000000000000e+00,-1.154392957687377930e-04,2.486884593963623047e-03,-1.138418912887573242e-03
4.499999880790710449e-01,2.177777886390686035e-01,0.000000000000000000e+00,-1.369863748550415039e-04,2.461999654769897461e-03,-1.054018735885620117e-03
4.499999880790710449e-01,2.722222208976745605e-01,0.000000000000000000e+00,-1.530796289443969727e-04,2.431899309158325195e-03,-1.296430826187133789e-03
4.499999880790710449e-01,3.266666531562805176e-01,0.000000000000000000e+00,-1.627653837203979492e-04,2.381622791290283203e-03,-2.187073230743408203e-03
4.499999880790710449e-01,3.811111152172088623e-01,0.000000000000000000e+00,-1.623183488845825195e-04,2.250820398330688477e-03,-4.112899303436279297e-03
4.499999880790710449e-01,4.355555772781372070e-01,0.000000000000000000e+00,-1.439601182937622070e-04,1.882225275039672852e-03,4.821985960006713867e-03
4.499999880790710449e-01,4.900000095367431641e-01,0.000000000000000000e+00,-1.153498888015747070e-04,6.833672523498535156e-04,7.399243116378784180e-01
4.499999880790710449e-01,5.099999904632568359e-01,0.000000000000000000e+00,-1.777857542037963867e-04,-9.516477584838867188e-04,6.697773933410644531e-01
4.499999880790710449e-01,5.644444227218627930e-01,0.000000000000000000e+00,-2.110451459884643555e-04,-1.891583204269409180e-03,1.366254687309265137e-02
4.499999880790710449e-01,6.188888549804687500e-01,0.000000000000000000e+00,-2.173334360122680664e-04,-2.169787883758544922e-03,-2.925217151641845703e-03
4.499999880790710449e-01,6.733333468437194824e-01,0.000000000000000000e+00,-2.147406339645385742e-04,-2.288043498992919922e-03,-4.758059978485107422e-03
4.499999880790710449e-01,7.277777791023254395e-01,0.000000000000000000e+00,-2.106875181198120117e-04,-2.356588840484619141e-03,-5.106776952743530273e-03
4.499999880790710449e-01,7.822222113609313965e-01,0.000000000000000000e+00,-2.093464136123657227e-04,-2.392172813415527344e-03,-5.245834589004516602e-03
4.499999880790710449e-01,8.366666436195373535e-01,0.000000000000000000e+00,-2.103894948959350586e-04,-2.405732870101928711e-03,-5.383461713790893555e-03
4.499999880790710449e-01,8.911111354827880859e-01,0.000000000000000000e+00,-2.131611108779907227e-04,-2.405017614364624023e-03,-5.557626485824584961e-03
4.499999880790710449e-01,9.455555677413940430e-01,0.000000000000000000e+00,-2.174228429794311523e-04,-2.395063638687133789e-03,-5.772441625595092773e-03
4.499999880790710449e-01,1.000000000000000000e+00,0.000000000000000000e+00,-2.231746912002563477e-04,-2.378731966018676758e-03,-6.026476621627807617e-03
5.000000000000000000e-01,0.000000000000000000e+00,0.000000000000000000e+00,-1.387298107147216797e-05,2.531409263610839844e-03,-1.993626356124877930e-03
5.000000000000000000e-01,5.444444715976715088e-02,0.000000000000000000e+00,-5.443394184112548828e-05,2.521425485610961914e-03,-1.660019159317016602e-03
5.000000000000000000e-01,1.088888943195343018e-01,0.000000000000000000e+00,-8.852779865264892578e-05,2.506405115127563477e-03,-1.340657472610473633e-03
5.000000000000000000e-01,1.633333414793014526e-01,0.000000000000000000e+00,-1.160353422164916992e-04,2.485394477844238281e-03,-1.091152429580688477e-03
5.000000000000000000e-01,2.177777886390686035e-01,0.000000000000000000e+00,-1.374632120132446289e-04,2.459913492202758789e-03,-1.003712415695190430e-03
5.000000000000000000e-01,2.722222208976745605e-01,0.000000000000000000e+00,-1.532882452011108398e-04,2.428859472274780273e-03,-1.244544982910156250e-03
5.000000000000000000e-01,3.266666531562805176e-01,0.000000000000000000e+00,-1.626461744308471680e-04,2.376645803451538086e-03,-2.136230468750000000e-03
5.000000000000000000e-01,3.811111152172088623e-01,0.000000000000000000e+00,-1.621395349502563477e-04,2.242416143417358398e-03,-4.051715135574340820e-03
5.000000000000000000e-01,4.355555772781372070e-01,0.000000000000000000e+00,-1.440793275833129883e-04,1.871854066848754883e-03,5.523622035980224609e-03
5.000000000000000000e-01,4.900000095367431641e-01,0.000000000000000000e+00,-1.163035631179809570e-04,6.700456142425537109e-04,7.482758760452270508e-01
5.000000000000000000e-01,5.099999904632568359e-01,0.000000000000000000e+00,-1.779347658157348633e-04,-9.459853172302246094e-04,6.727912425994873047e-01
5.000000000000000000e-01,5.644444227218627930e-01,0.000000000000000000e+00,-2.113729715347290039e-04,-1.882255077362060547e-03,1.440218091011047363e-02
5.000000000000000000e-01,6.188888549804687500e-01,0.000000000000000000e+00,-2.174824476242065430e-04,-2.165019512176513672e-03,-2.833485603332519531e-03
5.000000000000000000e-01,6.733333468437194824e-01,0.000000000000000000e+00,-2.148896455764770508e-04,-2.285301685333251953e-03,-4.739582538604736328e-03
5.000000000000000000e-01,7.277777791023254395e-01,0.000000000000000000e+00,-2.108365297317504883e-04,-2.354919910430908203e-03,-5.100339651107788086e-03
5.000000000000000000e-01,7.822222113609313965e-01,0.000000000000000000e+00,-2.094060182571411133e-04,-2.391636371612548828e-03,-5.238443613052368164e-03
5.000000000000000000e-01,8.366666436195373535e-01,0.000000000000000000e+00,-2.101808786392211914e-04,-2.406150102615356445e-03,-5.372613668441772461e-03
5.000000000000000000e-01,8.911111354827880859e-01,0.000000000000000000e+00,-2.127438783645629883e-04,-2.406328916549682617e-03,-5.540162324905395508e-03
5.000000000000000000e-01,9.455555677413940430e-01,0.000000000000000000e+00,-2.169162034988403320e-04,-2.397149801254272461e-03,-5.746752023696899414e-03
5.000000000000000000e-01,1.000000000000000000e+00,0.000000000000000000e+00,-2.221316099166870117e-04,-2.382189035415649414e-03,-5.990654230117797852e-03
5.099999904632568359e-01,0.000000000000000000e+00,0.000000000000000000e+00,-1.408159732818603516e-05,2.531528472900390625e-03,-1.986354589462280273e-03
5.099999904632568359e-01,5.000000074505805969e-02,0.000000000000000000e+00,-5.160272121429443359e-05,2.522528171539306641e-03,-1.679927110671997070e-03
5.099999904632568359e-01,1.000000014901161194e-01,0.000000000000000000e+00,-8.358061313629150391e-05,2.509027719497680664e-03,-1.381278038024902344e-03
5.099999904632568359e-01,1.500000059604644775e-01,0.000000000000000000e+00,-1.101344823837280273e-04,2.491027116775512695e-03,-1.132756471633911133e-03
5.099999904632568359e-01,2.000000029802322388e-01,0.000000000000000000e+00,-1.312643289566040039e-04,2.468377351760864258e-03,-9.970963001251220703e-04
5.099999904632568359e-01,2.500000000000000000e-01,0.000000000000000000e+00,-1.475363969802856445e-04,2.442300319671630859e-03,-1.080483198165893555e-03
5.099999904632568359e-01,3.000000119209289551e-01,0.000000000000000000e+00,-1.590102910995483398e-04,2.406209707260131836e-03,-1.578181982040405273e-03
5.099999904632568359e-01,3.499999940395355225e-01,0.000000000000000000e+00,-1.638084650039672852e-04,2.334296703338623047e-03,-2.834171056747436523e-03
5.099999904632568359e-01,4.000000059604644775e-01,0.000000000000000000e+00,-1.596957445144653320e-04,2.150207757949829102e-03,-4.425048828125000000e-03
5.099999904632568359e-01,4.500000178813934326e-01,0.000000000000000000e+00,-1.228600740432739258e-04,1.708716154098510742e-03,2.950495481491088867e-02
5.099999904632568359e-01,5.000000000000000000e-01,0.000000000000000000e+00,-1.479834318161010742e-04,-1.761615276336669922e-04,9.500142335891723633e-01
5.099999904632568359e-01,5.499999523162841797e-01,0.000000000000000000e+00,-2.095252275466918945e-04,-1.746475696563720703e-03,3.803038597106933594e-02
5.099999904632568359e-01,6.000000238418579102e-01,0.000000000000000000e+00,-2.161711454391479492e-04,-2.096146345138549805e-03,-6.628930568695068359e-04
5.099999904632568359e-01,6.499999761581420898e-01,0.000000000000000000e+00,-2.168267965316772461e-04,-2.241611480712890625e-03,-4.292964935302734375e-03
5.099999904632568359e-01,6.999999880790710449e-01,0.000000000000000000e+00,-2.128630876541137695e-04,-2.323746681213378906e-03,-4.974663257598876953e-03
5.099999904632568359e-01,7.500000000000000000e-01,0.000000000000000000e+00,-2.100318670272827148e-04,-2.373129129409790039e-03,-5.162149667739868164e-03
5.099999904632568359e-01,8.000000119209289551e-01,0.000000000000000000e+00,-2.093762159347534180e-04,-2.398312091827392578e-03,-5.277901887893676758e-03
5.099999904632568359e-01,8.500000238418579102e-01,0.000000000000000000e+00,-2.107471227645874023e-04,-2.407461404800415039e-03,-5.407303571701049805e-03
5.099999904632568359e-01,8.999999761581420898e-01,0.000000000000000000e+00,-2.133399248123168945e-04,-2.405613660812377930e-03,-5.567520856857299805e-03
5.099999904632568359e-01,9.499999880790710449e-01,0.000000000000000000e+00,-2.171248197555541992e-04,-2.396732568740844727e-03,-5.760043859481811523e-03
5.099999904632568359e-01,1.000000000000000000e+00,0.000000000000000000e+00,-2.220124006271362305e-04,-2.382844686508178711e-03,-5.983382463455200195e-03
5.644444227218627930e-01,0.000000000000000000e+00,0.000000000000000000e+00,-1.545250415802001953e-05,2.532541751861572266e-03,-1.950532197952270508e-03
5.644444227218627930e-01,5.000000074505805969e-02,0.000000000000000000e+00,-5.279481410980224609e-05,2.522945404052734375e-03,-1.640409231185913086e-03
5.644444227218627930e-01,1.000000014901161194e-01,0.000000000000000000e+00,-8.456408977508544922e-05,2.509027719497680664e-03,-1.338779926300048828e-03
5.644444227218627930e-01,1.500000059604644775e-01,0.000000000000000000e+00,-1.108795404434204102e-04,2.490341663360595703e-03,-1.087635755538940430e-03
5.644444227218627930e-01,2.000000029802322388e-01,0.000000000000000000e+00,-1.318603754043579102e-04,2.466738224029541016e-03,-9.489953517913818359e-04
5.644444227218627930e-01,2.500000000000000000e-01,0.000000000000000000e+00,-1.479536294937133789e-04,2.439826726913452148e-03,-1.029849052429199219e-03
5.644444227218627930e-01,3.000000119209289551e-01,0.000000000000000000e+00,-1.592487096786499023e-04,2.402424812316894531e-03,-1.528590917587280273e-03
5.644444227218627930e-01,3.499999940395355225e-01,0.000000000000000000e+00,-1.637190580368041992e-04,2.327829599380493164e-03,-2.788454294204711914e-03
5.644444227218627930e-01,4.000000059604644775e-01,0.000000000000000000e+00,-1.597851514816284180e-04,2.140164375305175781e-03,-4.316419363021850586e-03
5.644444227218627930e-01,4.500000178813934326e-01,0.000000000000000000e+00,-1.235753297805786133e-04,1.699388027191162109e-03,3.137406706809997559e-02
5.644444227218627930e-01,5.000000000000000000e-01,0.000000000000000000e+00,-1.487284898757934570e-04,-1.822412014007568359e-04,9.501639604568481445e-01
5.644444227218627930e-01,5.499999523162841797e-01,0.000000000000000000e+00,-2.100318670272827148e-04,-1.735448837280273438e-03,3.978866338729858398e-02
5.644444227218627930e-01,6.000000238418579102e-01,0.000000000000000000e+00,-2.163797616958618164e-04,-2.088904380798339844e-03,-4.671514034271240234e-04
5.644444227218627930e-01,6.499999761581420898e-01,0.000000000000000000e+00,-2.171248197555541992e-04,-2.237796783447265625e-03,-4.251837730407714844e-03
5.644444227218627930e-01,6.999999880790710449e-01,0.000000000000000000e+00,-2.129524946212768555e-04,-2.321243286132812500e-03,-4.963934421539306641e-03
5.644444227218627930e-01,7.500000000000000000e-01,0.000000000000000000e+00,-2.100914716720581055e-04,-2.371877431869506836e-03,-5.156010389328002930e-03
5.644444227218627930e-01,8.000000119209289551e-01,0.000000000000000000e+00,-2.092272043228149414e-04,-2.398073673248291016e-03,-5.270332098007202148e-03
5.644444227218627930e-01,8.500000238418579102e-01,0.000000000000000000e+00,-2.104490995407104492e-04,-2.407997846603393555e-03,-5.395501852035522461e-03
5.644444227218627930e-01,8.999999761581420898e-01,0.000000000000000000e+00,-2.128928899765014648e-04,-2.407103776931762695e-03,-5.549281835556030273e-03
5.644444227218627930e-01,9.499999880790710449e-01,0.000000000000000000e+00,-2.165585756301879883e-04,-2.399057149887084961e-03,-5.733758211135864258e-03
5.644444227218627930e-01,1.000000000000000000e+00,0.000000000000000000e+00,-2.212375402450561523e-04,-2.386063337326049805e-03,-5.947500467300415039e-03
6.188888549804687500e-01,0.000000000000000000e+00,0.000000000000000000e+00,-1.685321331024169922e-05,2.533823251724243164e-03,-1.917660236358642578e-03
6.188888549804687500e-01,5.000000074505805969e-02,0.000000000000000000e+00,-5.413591861724853516e-05,2.524107694625854492e-03,-1.605361700057983398e-03
6.188888549804687500e-01,1.000000014901161194e-01,0.000000000000000000e+00,-8.560717105865478516e-05,2.509415149688720703e-03,-1.301199197769165039e-03
6.188888549804687500e-01,1.500000059604644775e-01,0.000000000000000000e+00,-1.117438077926635742e-04,2.489775419235229492e-03,-1.046627759933471680e-03
6.188888549804687500e-01,2.000000029802322388e-01,0.000000000000000000e+00,-1.325756311416625977e-04,2.465754747390747070e-03,-9.045898914337158203e-04
6.188888549804687500e-01,2.500000000000000000e-01,0.000000000000000000e+00,-1.483708620071411133e-04,2.437800168991088867e-03,-9.854435920715332031e-04
6.188888549804687500e-01,3.000000119209289551e-01,0.000000000000000000e+00,-1.595169305801391602e-04,2.399116754531860352e-03,-1.485794782638549805e-03
6.188888549804687500e-01,3.499999940395355225e-01,0.000000000000000000e+00,-1.638382673263549805e-04,2.321898937225341797e-03,-2.750933170318603516e-03
6.188888549804687500e-01,4.000000059604644775e-01,0.000000000000000000e+00,-1.599937677383422852e-04,2.130657434463500977e-03,-4.214257001876831055e-03
6.188888549804687500e-01,4.500000178813934326e-01,0.000000000000000000e+00,-1.243501901626586914e-04,1.690834760665893555e-03,3.328323364257812500e-02
6.188888549804687500e-01,5.000000000000000000e-01,0.000000000000000000e+00,-1.494139432907104492e-04,-1.879632472991943359e-04,9.503031969070434570e-01
6.188888549804687500e-01,5.499999523162841797e-01,0.000000000000000000e+00,-2.104192972183227539e-04,-1.724511384963989258e-03,4.162576794624328613e-02
6.188888549804687500e-01,6.000000238418579102e-01,0.000000000000000000e+00,-2.166479825973510742e-04,-2.081811428070068359e-03,-2.628862857818603516e-04
6.188888549804687500e-01,6.499999761581420898e-01,0.000000000000000000e+00,-2.173334360122680664e-04,-2.233982086181640625e-03,-4.209458827972412109e-03
6.188888549804687500e-01,6.999999880790710449e-01,0.000000000000000000e+00,-2.132207155227661133e-04,-2.318680286407470703e-03,-4.952788352966308594e-03
6.188888549804687500e-01,7.500000000000000000e-01,0.000000000000000000e+00,-2.100914716720581055e-04,-2.370148897171020508e-03,-5.150228738784790039e-03
6.188888549804687500e-01,8.000000119209289551e-01,0.000000000000000000e+00,-2.093464136123657227e-04,-2.397537231445312500e-03,-5.263060331344604492e-03
6.188888549804687500e-01,8.500000238418579102e-01,0.000000000000000000e+00,-2.103298902511596680e-04,-2.408355474472045898e-03,-5.384176969528198242e-03
6.188888549804687500e-01,8.999999761581420898e-01,0.000000000000000000e+00,-2.125054597854614258e-04,-2.408295869827270508e-03,-5.532532930374145508e-03
6.188888549804687500e-01,9.499999880790710449e-01,0.000000000000000000e+00,-2.160817384719848633e-04,-2.401292324066162109e-03,-5.709320306777954102e-03
6.188888549804687500e-01,1.000000000000000000e+00,0.000000000000000000e+00,-2.204030752182006836e-04,-2.389222383499145508e-03,-5.914062261581420898e-03
6.733333468437194824e-01,0.000000000000000000e+00,0.000000000000000000e+00,-1.825392246246337891e-05,2.535641193389892578e-03,-1.888155937194824219e-03
6.733333468437194824e-01,5.000000074505805969e-02,0.000000000000000000e+00,-5.526840686798095703e-05,2.525389194488525391e-03,-1.573026180267333984e-03
6.733333468437194824e-01,1.000000014901161194e-01,0.000000000000000000e+00,-8.688867092132568359e-05,2.510219812393188477e-03,-1.266807317733764648e-03
6.733333468437194824e-01,1.500000059604644775e-01,0.000000000000000000e+00,-1.127868890762329102e-04,2.489924430847167969e-03,-1.009255647659301758e-03
6.733333468437194824e-01,2.000000029802322388e-01,0.000000000000000000e+00,-1.334100961685180664e-04,2.465218305587768555e-03,-8.654892444610595703e-04
6.733333468437194824e-01,2.500000000000000000e-01,0.000000000000000000e+00,-1.490265130996704102e-04,2.436459064483642578e-03,-9.455084800720214844e-04
6.733333468437194824e-01,3.000000119209289551e-01,0.000000000000000000e+00,-1.599043607711791992e-04,2.396285533905029297e-03,-1.448363065719604492e-03
6.733333468437194824e-01,3.499999940395355225e-01,0.000000000000000000e+00,-1.640170812606811523e-04,2.316445112228393555e-03,-2.719640731811523438e-03
6.733333468437194824e-01,4.000000059604644775e-01,0.000000000000000000e+00,-1.604110002517700195e-04,2.121418714523315430e-03,-4.116296768188476562e-03
6.733333468437194824e-01,4.500000178813934326e-01,0.000000000000000000e+00,-1.252144575119018555e-04,1.682668924331665039e-03,3.523242473602294922e-02
6.733333468437194824e-01,5.000000000000000000e-01,0.000000000000000000e+00,-1.502186059951782227e-04,-1.923739910125732422e-04,9.504207372665405273e-01
6.733333468437194824e-01,5.499999523162841797e-01,0.000000000000000000e+00,-2.109855413436889648e-04,-1.713395118713378906e-03,4.354593157768249512e-02
6.733333468437194824e-01,6.000000238418579102e-01,0.000000000000000000e+00,-2.168864011764526367e-04,-2.074420452117919922e-03,-5.009770393371582031e-05
6.733333468437194824e-01,6.499999761581420898e-01,0.000000000000000000e+00,-2.176612615585327148e-04,-2.229869365692138672e-03,-4.165887832641601562e-03
6.733333468437194824e-01,6.999999880790710449e-01,0.000000000000000000e+00,-2.135187387466430664e-04,-2.315938472747802734e-03,-4.942119121551513672e-03
6.733333468437194824e-01,7.500000000000000000e-01,0.000000000000000000e+00,-2.101510763168334961e-04,-2.368658781051635742e-03,-5.145579576492309570e-03
6.733333468437194824e-01,8.000000119209289551e-01,0.000000000000000000e+00,-2.092868089675903320e-04,-2.396583557128906250e-03,-5.256742238998413086e-03
6.733333468437194824e-01,8.500000238418579102e-01,0.000000000000000000e+00,-2.102106809616088867e-04,-2.408593893051147461e-03,-5.374401807785034180e-03
6.733333468437194824e-01,8.999999761581420898e-01,0.000000000000000000e+00,-2.122670412063598633e-04,-2.409368753433227539e-03,-5.516797304153442383e-03
6.733333468437194824e-01,9.499999880790710449e-01,0.000000000000000000e+00,-2.155452966690063477e-04,-2.403140068054199219e-03,-5.686968564987182617e-03
6.733333468437194824e-01,1.000000000000000000e+00,0.000000000000000000e+00,-2.196282148361206055e-04,-2.392083406448364258e-03,-5.883187055587768555e-03
7.277777791023254395e-01,0.000000000000000000e+00,0.000000000000000000e+00,-1.971423625946044922e-05,2.537757158279418945e-03,-1.860082149505615234e-03
7.277777791023254395e-01,5.000000074505805969e-02,0.000000000000000000e+00,-5.660951137542724609e-05,2.526968717575073242e-03,-1.543402671813964844e-03
7.277777791023254395e-01,1.000000014901161194e-01,0.000000000000000000e+00,-8.799135684967041016e-05,2.511322498321533203e-03,-1.235455274581909180e-03
7.277777791023254395e-01,1.500000059604644775e-01,0.000000000000000000e+00,-1.137405633926391602e-04,2.490431070327758789e-03,-9.761154651641845703e-04
7.277777791023254395e-01,2.000000029802322388e-01,0.000000000000000000e+00,-1.340955495834350586e-04,2.465069293975830078e-03,-8.301436901092529297e-04
7.277777791023254395e-01,2.500000000000000000e-01,0.000000000000000000e+00,-1.496821641921997070e-04,2.435028553009033203e-03,-9.104013442993164062e-04
7.277777791023254395e-01,3.000000119209289551e-01,0.000000000000000000e+00,-1.602619886398315430e-04,2.393662929534912109e-03,-1.416772603988647461e-03
7.277777791023254395e-01,3.499999940395355225e-01,0.000000000000000000e+00,-1.641958951950073242e-04,2.311527729034423828e-03,-2.695322036743164062e-03
7.277777791023254395e-01,4.000000059604644775e-01,0.000000000000000000e+00,-1.609474420547485352e-04,2.112686634063720703e-03,-4.023164510726928711e-03
7.277777791023254395e-01,4.500000178813934326e-01,0.000000000000000000e+00,-1.261681318283081055e-04,1.675188541412353516e-03,3.722128272056579590e-02
7.277777791023254395e-01,5.000000000000000000e-01,0.000000000000000000e+00,-1.511722803115844727e-04,-1.966655254364013672e-04,9.505071640014648438e-01
7.277777791023254395e-01,5.499999523162841797e-01,0.000000000000000000e+00,-2.115815877914428711e-04,-1.702100038528442383e-03,4.555189609527587891e-02
7.277777791023254395e-01,6.000000238418579102e-01,0.000000000000000000e+00,-2.173036336898803711e-04,-2.066612243652343750e-03,1.727640628814697266e-04
7.277777791023254395e-01,6.499999761581420898e-01,0.000000000000000000e+00,-2.178698778152465820e-04,-2.225756645202636719e-03,-4.120290279388427734e-03
7.277777791023254395e-01,6.999999880790710449e-01,0.000000000000000000e+00,-2.136379480361938477e-04,-2.313315868377685547e-03,-4.931569099426269531e-03
7.277777791023254395e-01,7.500000000000000000e-01,0.000000000000000000e+00,-2.103298902511596680e-04,-2.366930246353149414e-03,-5.140990018844604492e-03
7.277777791023254395e-01,8.000000119209289551e-01,0.000000000000000000e+00,-2.093464136123657227e-04,-2.395927906036376953e-03,-5.251497030258178711e-03
7.277777791023254395e-01,8.500000238418579102e-01,0.000000000000000000e+00,-2.099722623825073242e-04,-2.408593893051147461e-03,-5.365103483200073242e-03
7.277777791023254395e-01,8.999999761581420898e-01,0.000000000000000000e+00,-2.120286226272583008e-04,-2.410084009170532227e-03,-5.502969026565551758e-03
7.277777791023254395e-01,9.499999880790710449e-01,0.000000000000000000e+00,-2.151280641555786133e-04,-2.404868602752685547e-03,-5.666583776473999023e-03
7.277777791023254395e-01,1.000000000000000000e+00,0.000000000000000000e+00,-2.189129590988159180e-04,-2.394706010818481445e-03,-5.854219198226928711e-03
7.822222113609313965e-01,0.000000000000000000e+00,0.000000000000000000e+00,-2.102553844451904297e-05,2.540618181228637695e-03,-1.835048198699951172e-03
7.822222113609313965e-01,5.000000074505805969e-02,0.000000000000000000e+00,-5.783140659332275391e-05,2.529174089431762695e-03,-1.517176628112792969e-03
7.822222113609313965e-01,1.000000014901161194e-01,0.000000000000000000e+00,-8.918344974517822266e-05,2.512812614440917969e-03,-1.206666231155395508e-03
7.822222113609313965e-01,1.500000059604644775e-01,0.000000000000000000e+00,-1.147538423538208008e-04,2.491295337677001953e-03,-9.458363056182861328e-04
7.822222113609313965e-01,2.000000029802322388e-01,0.000000000000000000e+00,-1.349598169326782227e-04,2.465158700942993164e-03,-7.991492748260498047e-04
7.822222113609313965e-01,2.500000000000000000e-01,0.000000000000000000e+00,-1.503378152847290039e-04,2.434402704238891602e-03,-8.795261383056640625e-04
7.822222113609313965e-01,3.000000119209289551e-01,0.000000000000000000e+00,-1.607388257980346680e-04,2.391576766967773438e-03,-1.389712095260620117e-03
7.822222113609313965e-01,3.499999940395355225e-01,0.000000000000000000e+00,-1.645237207412719727e-04,2.306878566741943359e-03,-2.676516771316528320e-03
7.822222113609313965e-01,4.000000059604644775e-01,0.000000000000000000e+00,-1.616626977920532227e-04,2.104341983795166016e-03,-3.933399915695190430e-03
7.822222113609313965e-01,4.500000178813934326e-01,0.000000000000000000e+00,-1.275390386581420898e-04,1.667976379394531250e-03,3.924959897994995117e-02
7.822222113609313965e-01,5.000000000000000000e-01,0.000000000000000000e+00,-1.519769430160522461e-04,-1.998841762542724609e-04,9.505501985549926758e-01
7.822222113609313965e-01,5.499999523162841797e-01,0.000000000000000000e+00,-2.121180295944213867e-04,-1.690804958343505859e-03,4.764771461486816406e-02
7.822222113609313965e-01,6.000000238418579102e-01,0.000000000000000000e+00,-2.174228429794311523e-04,-2.058535814285278320e-03,4.044473171234130859e-04
7.822222113609313965e-01,6.499999761581420898e-01,0.000000000000000000e+00,-2.181380987167358398e-04,-2.221405506134033203e-03,-4.073262214660644531e-03
7.822222113609313965e-01,6.999999880790710449e-01,0.000000000000000000e+00,-2.139359712600708008e-04,-2.310395240783691406e-03,-4.920184612274169922e-03
7.822222113609313965e-01,7.500000000000000000e-01,0.000000000000000000e+00,-2.105087041854858398e-04,-2.364993095397949219e-03,-5.136400461196899414e-03
7.822222113609313965e-01,8.000000119209289551e-01,0.000000000000000000e+00,-2.092868089675903320e-04,-2.394974231719970703e-03,-5.247145891189575195e-03
7.822222113609313965e-01,8.500000238418579102e-01,0.000000000000000000e+00,-2.099126577377319336e-04,-2.408295869827270508e-03,-5.356997251510620117e-03
7.822222113609313965e-01,8.999999761581420898e-01,0.000000000000000000e+00,-2.118498086929321289e-04,-2.410858869552612305e-03,-5.490094423294067383e-03
7.822222113609313965e-01,9.499999880790710449e-01,0.000000000000000000e+00,-2.147108316421508789e-04,-2.406120300292968750e-03,-5.647808313369750977e-03
7.822222113609313965e-01,1.000000000000000000e+00,0.000000000000000000e+00,-2.183169126510620117e-04,-2.396911382675170898e-03,-5.827814340591430664e-03
8.366666436195373535e-01,0.000000000000000000e+00,0.000000000000000000e+00,-2.254545688629150391e-05,2.543210983276367188e-03,-1.812428236007690430e-03
8.366666436195373535e-01,5.000000074505805969e-02,0.000000000000000000e+00,-5.917251110076904297e-05,2.531379461288452148e-03,-1.492321491241455078e-03
8.366666436195373535e-01,1.000000014901161194e-01,0.000000000000000000e+00,-9.028613567352294922e-05,2.514570951461791992e-03,-1.180320978164672852e-03
8.366666436195373535e-01,1.500000059604644775e-01,0.000000000000000000e+00,-1.157969236373901367e-04,2.492249011993408203e-03,-9.184777736663818359e-04
8.366666436195373535e-01,2.000000029802322388e-01,0.000000000000000000e+00,-1.357942819595336914e-04,2.465337514877319336e-03,-7.711350917816162109e-04
8.366666436195373535e-01,2.500000000000000000e-01,0.000000000000000000e+00,-1.509636640548706055e-04,2.433985471725463867e-03,-8.525252342224121094e-04
8.366666436195373535e-01,3.000000119209289551e-01,0.000000000000000000e+00,-1.613050699234008789e-04,2.389639616012573242e-03,-1.368075609207153320e-03
8.366666436195373535e-01,3.499999940395355225e-01,0.000000000000000000e+00,-1.650601625442504883e-04,2.302169799804687500e-03,-2.663642168045043945e-03
8.366666436195373535e-01,4.000000059604644775e-01,0.000000000000000000e+00,-1.623779535293579102e-04,2.096354961395263672e-03,-3.845989704132080078e-03
8.366666436195373535e-01,4.500000178813934326e-01,0.000000000000000000e+00,-1.288801431655883789e-04,1.661270856857299805e-03,4.131561517715454102e-02
8.366666436195373535e-01,5.000000000000000000e-01,0.000000000000000000e+00,-1.529306173324584961e-04,-2.025067806243896484e-04,9.505397081375122070e-01
8.366666436195373535e-01,5.499999523162841797e-01,0.000000000000000000e+00,-2.126842737197875977e-04,-1.679569482803344727e-03,4.983749985694885254e-02
8.366666436195373535e-01,6.000000238418579102e-01,0.000000000000000000e+00,-2.177804708480834961e-04,-2.050310373306274414e-03,6.472766399383544922e-04
8.366666436195373535e-01,6.499999761581420898e-01,0.000000000000000000e+00,-2.185851335525512695e-04,-2.216964960098266602e-03,-4.024744033813476562e-03
8.366666436195373535e-01,6.999999880790710449e-01,0.000000000000000000e+00,-2.142041921615600586e-04,-2.307295799255371094e-03,-4.908978939056396484e-03
8.366666436195373535e-01,7.500000000000000000e-01,0.000000000000000000e+00,-2.106875181198120117e-04,-2.362787723541259766e-03,-5.133122205734252930e-03
8.366666436195373535e-01,8.000000119209289551e-01,0.000000000000000000e+00,-2.093464136123657227e-04,-2.393841743469238281e-03,-5.242973566055297852e-03
8.366666436195373535e-01,8.500000238418579102e-01,0.000000000000000000e+00,-2.097934484481811523e-04,-2.408117055892944336e-03,-5.350083112716674805e-03
8.366666436195373535e-01,8.999999761581420898e-01,0.000000000000000000e+00,-2.116113901138305664e-04,-2.411276102066040039e-03,-5.478590726852416992e-03
8.366666436195373535e-01,9.499999880790710449e-01,0.000000000000000000e+00,-2.143830060958862305e-04,-2.407431602478027344e-03,-5.630403757095336914e-03
8.366666436195373535e-01,1.000000000000000000e+00,0.000000000000000000e+00,-2.178102731704711914e-04,-2.398878335952758789e-03,-5.803197622299194336e-03
8.911111354827880859e-01,0.000000000000000000e+00,0.000000000000000000e+00,-2.391636371612548828e-05,2.546548843383789062e-03,-1.791208982467651367e-03
8.911111354827880859e-01,5.000000074505805969e-02,0.000000000000000000e+00,-6.054341793060302734e-05,2.534121274948120117e-03,-1.470118761062622070e-03
8.911111354827880859e-01,1.000000014901161194e-01,0.000000000000000000e+00,-9.153783321380615234e-05,2.516597509384155273e-03,-1.157134771347045898e-03
8.911111354827880859e-01,1.500000059604644775e-01,0.000000000000000000e+00,-1.168698072433471680e-04,2.493798732757568359e-03,-8.930265903472900391e-04
8.911111354827880859e-01,2.000000029802322388e-01,0.000000000000000000e+00,-1.367777585983276367e-04,2.466201782226562500e-03,-7.457435131072998047e-04
8.911111354827880859e-01,2.500000000000000000e-01,0.000000000000000000e+00,-1.517385244369506836e-04,2.433776855468750000e-03,-8.286237716674804688e-04
8.911111354827880859e-01,3.000000119209289551e-01,0.000000000000000000e+00,-1.619011163711547852e-04,2.387970685958862305e-03,-1.349478960037231445e-03
8.911111354827880859e-01,3.499999940395355225e-01,0.000000000000000000e+00,-1.655369997024536133e-04,2.298235893249511719e-03,-2.655655145645141602e-03
8.911111354827880859e-01,4.000000059604644775e-01,0.000000000000000000e+00,-1.633316278457641602e-04,2.088814973831176758e-03,-3.761798143386840820e-03
8.911111354827880859e-01,4.500000178813934326e-01,0.000000000000000000e+00,-1.303106546401977539e-04,1.655131578445434570e-03,4.341825842857360840e-02
8.911111354827880859e-01,5.000000000000000000e-01,0.000000000000000000e+00,-1.539736986160278320e-04,-2.046525478363037109e-04,9.504656791687011719e-01
8.911111354827880859e-01,5.499999523162841797e-01,0.000000000000000000e+00,-2.133101224899291992e-04,-1.667976379394531250e-03,5.212426185607910156e-02
8.911111354827880859e-01,6.000000238418579102e-01,0.000000000000000000e+00,-2.181380987167358398e-04,-2.041906118392944336e-03,9.013712406158447266e-04
8.911111354827880859e-01,6.499999761581420898e-01,0.000000000000000000e+00,-2.188533544540405273e-04,-2.212375402450561523e-03,-3.974616527557373047e-03
8.911111354827880859e-01,6.999999880790710449e-01,0.000000000000000000e+00,-2.145320177078247070e-04,-2.304255962371826172e-03,-4.898309707641601562e-03
8.911111354827880859e-01,7.500000000000000000e-01,0.000000000000000000e+00,-2.109855413436889648e-04,-2.360582351684570312e-03,-5.129307508468627930e-03
8.911111354827880859e-01,8.000000119209289551e-01,0.000000000000000000e+00,-2.094358205795288086e-04,-2.392530441284179688e-03,-5.239337682723999023e-03
8.911111354827880859e-01,8.500000238418579102e-01,0.000000000000000000e+00,-2.097934484481811523e-04,-2.407699823379516602e-03,-5.343765020370483398e-03
8.911111354827880859e-01,8.999999761581420898e-01,0.000000000000000000e+00,-2.114325761795043945e-04,-2.411633729934692383e-03,-5.468279123306274414e-03
8.911111354827880859e-01,9.499999880790710449e-01,0.000000000000000000e+00,-2.140849828720092773e-04,-2.408444881439208984e-03,-5.614131689071655273e-03
8.911111354827880859e-01,1.000000000000000000e+00,0.000000000000000000e+00,-2.173036336898803711e-04,-2.400666475296020508e-03,-5.780905485153198242e-03
9.455555677413940430e-01,0.000000000000000000e+00,0.000000000000000000e+00,-2.525746822357177734e-05,2.549856901168823242e-03,-1.770526170730590820e-03
9.455555677413940430e-01,5.000000074505805969e-02,0.000000000000000000e+00,-6.179511547088623047e-05,2.536982297897338867e-03,-1.448661088943481445e-03
9.455555677413940430e-01,1.000000014901161194e-01,0.000000000000000000e+00,-9.272992610931396484e-05,2.518862485885620117e-03,-1.135200262069702148e-03
9.455555677413940430e-01,1.500000059604644775e-01,0.000000000000000000e+00,-1.179426908493041992e-04,2.495437860488891602e-03,-8.697807788848876953e-04
9.455555677413940430e-01,2.000000029802322388e-01,0.000000000000000000e+00,-1.376420259475708008e-04,2.467066049575805664e-03,-7.223784923553466797e-04
9.455555677413940430e-01,2.500000000000000000e-01,0.000000000000000000e+00,-1.525729894638061523e-04,2.433627843856811523e-03,-8.078217506408691406e-04
9.455555677413940430e-01,3.000000119209289551e-01,0.000000000000000000e+00,-1.625567674636840820e-04,2.386659383773803711e-03,-1.335918903350830078e-03
9.455555677413940430e-01,3.499999940395355225e-01,0.000000000000000000e+00,-1.661628484725952148e-04,2.294450998306274414e-03,-2.652198076248168945e-03
9.455555677413940430e-01,4.000000059604644775e-01,0.000000000000000000e+00,-1.643747091293334961e-04,2.081483602523803711e-03,-3.680139780044555664e-03
9.455555677413940430e-01,4.500000178813934326e-01,0.000000000000000000e+00,-1.318305730819702148e-04,1.649230718612670898e-03,4.555752873420715332e-02
9.455555677413940430e-01,5.000000000000000000e-01,0.000000000000000000e+00,-1.548677682876586914e-04,-2.063512802124023438e-04,9.503153562545776367e-01
9.455555677413940430e-01,5.499999523162841797e-01,0.000000000000000000e+00,-2.139061689376831055e-04,-1.656562089920043945e-03,5.451244115829467773e-02
9.455555677413940430e-01,6.000000238418579102e-01,0.000000000000000000e+00,-2.184957265853881836e-04,-2.033352851867675781e-03,1.167386770248413086e-03
9.455555677413940430e-01,6.499999761581420898e-01,0.000000000000000000e+00,-2.190917730331420898e-04,-2.207726240158081055e-03,-3.921449184417724609e-03
9.455555677413940430e-01,6.999999880790710449e-01,0.000000000000000000e+00,-2.148002386093139648e-04,-2.300977706909179688e-03,-4.886329174041748047e-03
9.455555677413940430e-01,7.500000000000000000e-01,0.000000000000000000e+00,-2.111345529556274414e-04,-2.358436584472656250e-03,-5.126506090164184570e-03
9.455555677413940430e-01,8.000000119209289551e-01,0.000000000000000000e+00,-2.095848321914672852e-04,-2.391278743743896484e-03,-5.236238241195678711e-03
9.455555677413940430e-01,8.500000238418579102e-01,0.000000000000000000e+00,-2.097934484481811523e-04,-2.407133579254150391e-03,-5.338460206985473633e-03
9.455555677413940430e-01,8.999999761581420898e-01,0.000000000000000000e+00,-2.113133668899536133e-04,-2.411872148513793945e-03,-5.458861589431762695e-03
9.455555677413940430e-01,9.499999880790710449e-01,0.000000000000000000e+00,-2.137571573257446289e-04,-2.409458160400390625e-03,-5.599826574325561523e-03
9.455555677413940430e-01,1.000000000000000000e+00,0.000000000000000000e+00,-2.168864011764526367e-04,-2.402216196060180664e-03,-5.759745836257934570e-03
1.000000000000000000e+00,0.000000000000000000e+00,0.000000000000000000e+00,-2.650916576385498047e-05,2.553492784500122070e-03,-1.752555370330810547e-03
1.000000000000000000e+00,5.000000074505805969e-02,0.000000000000000000e+00,-6.307661533355712891e-05,2.540022134780883789e-03,-1.429647207260131836e-03
1.000000000000000000e+00,1.000000014901161194e-01,0.000000000000000000e+00,-9.386241436004638672e-05,2.521425485610961914e-03,-1.113951206207275391e-03
1.000000000000000000e+00,1.500000059604644775e-01,0.000000000000000000e+00,-1.189857721328735352e-04,2.497285604476928711e-03,-8.490085601806640625e-04
1.000000000000000000e+00,2.000000029802322388e-01,0.000000000000000000e+00,-1.385957002639770508e-04,2.468019723892211914e-03,-7.017552852630615234e-04
1.000000000000000000e+00,2.500000000000000000e-01,0.000000000000000000e+00,-1.534372568130493164e-04,2.433836460113525391e-03,-7.897019386291503906e-04
1.000000000000000000e+00,3.000000119209289551e-01,0.000000000000000000e+00,-1.632422208786010742e-04,2.385497093200683594e-03,-1.324534416198730469e-03
1.000000000000000000e+00,3.499999940395355225e-01,0.000000000000000000e+00,-1.666992902755737305e-04,2.290725708007812500e-03,-2.653419971466064453e-03
1.000000000000000000e+00,4.000000059604644775e-01,0.000000000000000000e+00,-1.655966043472290039e-04,2.074539661407470703e-03,-3.598749637603759766e-03
1.000000000000000000e+00,4.500000178813934326e-01,0.000000000000000000e+00,-1.334995031356811523e-04,1.643627882003784180e-03,4.773023724555969238e-02
1.000000000000000000e+00,5.000000000000000000e-01,0.000000000000000000e+00,-1.558810472488403320e-04,-2.075433731079101562e-04,9.500783681869506836e-01
1.000000000000000000e+00,5.499999523162841797e-01,0.000000000000000000e+00,-2.146810293197631836e-04,-1.644849777221679688e-03,5.700570344924926758e-02
1.000000000000000000e+00,6.000000238418579102e-01,0.000000000000000000e+00,-2.188235521316528320e-04,-2.024590969085693359e-03,1.445800065994262695e-03
1.000000000000000000e+00,6.499999761581420898e-01,0.000000000000000000e+00,-2.195686101913452148e-04,-2.202838659286499023e-03,-3.866314888000488281e-03
1.000000000000000000e+00,6.999999880790710449e-01,0.000000000000000000e+00,-2.151876688003540039e-04,-2.297520637512207031e-03,-4.874825477600097656e-03
1.000000000000000000e+00,7.500000000000000000e-01,0.000000000000000000e+00,-2.113431692123413086e-04,-2.356231212615966797e-03,-5.124181509017944336e-03
1.000000000000000000e+00,8.000000119209289551e-01,0.000000000000000000e+00,-2.097040414810180664e-04,-2.389788627624511719e-03,-5.233854055404663086e-03
1.000000000000000000e+00,8.500000238418579102e-01,0.000000000000000000e+00,-2.098530530929565430e-04,-2.406477928161621094e-03,-5.333870649337768555e-03
1.000000000000000000e+00,8.999999761581420898e-01,0.000000000000000000e+00,-2.111941576004028320e-04,-2.411872148513793945e-03,-5.450278520584106445e-03
1.000000000000000000e+00,9.499999880790710449e-01,0.000000000000000000e+00,-2.135485410690307617e-04,-2.410054206848144531e-03,-5.587071180343627930e-03
1.000000000000000000e+00,1.000000000000000000e+00,0.000000000000000000e+00,-2.164691686630249023e-04,-2.403706312179565430e-03,-5.740851163864135742e-03
0.000000000000000000e+00,5.000000000000000000e-01,0.000000000000000000e+00,-1.440197229385375977e-04,-7.539987564086914062e-05,9.492921829223632812e-01
5.000000074505805969e-02,5.000000000000000000e-01,0.000000000000000000e+00,-1.440793275833129883e-04,-8.985400199890136719e-05,9.493089914321899414e-01
1.000000014901161194e-01,5.000000000000000000e-01,0.000000000000000000e+00,-1.442879438400268555e-04,-1.030862331390380859e-04,9.493157863616943359e-01
1.500000059604644775e-01,5.000000000000000000e-01,0.000000000000000000e+00,-1.445561647415161133e-04,-1.152753829956054688e-04,9.493280649185180664e-01
2.000000029802322388e-01,5.000000000000000000e-01,0.000000000000000000e+00,-1.448839902877807617e-04,-1.262128353118896484e-04,9.493615627288818359e-01
2.500000000000000000e-01,5.000000000000000000e-01,0.000000000000000000e+00,-1.451522111892700195e-04,-1.364946365356445312e-04,9.494159221649169922e-01
3.000000119209289551e-01,5.000000000000000000e-01,0.000000000000000000e+00,-1.455694437026977539e-04,-1.454353332519531250e-04,9.494940042495727539e-01
3.499999940395355225e-01,5.000000000000000000e-01,0.000000000000000000e+00,-1.462250947952270508e-04,-1.540780067443847656e-04,9.495936632156372070e-01
4.000000059604644775e-01,5.000000000000000000e-01,0.000000000000000000e+00,-1.466423273086547852e-04,-1.617074012756347656e-04,9.497132301330566406e-01
4.499999880790710449e-01,5.000000000000000000e-01,0.000000000000000000e+00,-1.471489667892456055e-04,-1.686811447143554688e-04,9.498461484909057617e-01
5.000000000000000000e-01,5.000000000000000000e-01,0.000000000000000000e+00,-1.478046178817749023e-04,-1.749694347381591797e-04,9.499855041503906250e-01
