# t,x,y,u1,u2,c
0.000000000000000000e+00,0.000000000000000000e+00,0.000000000000000000e+00,-1.946955919265747070e-03,1.424476504325866699e-03,-2.109917253255844116e-02
0.000000000000000000e+00,5.444444715976715088e-02,0.000000000000000000e+00,-1.835286617279052734e-03,1.512855291366577148e-03,-2.123989909887313843e-02
0.000000000000000000e+00,1.088888943195343018e-01,0.000000000000000000e+00,-1.711845397949218750e-03,1.594163477420806885e-03,-2.142692357301712036e-02
0.000000000000000000e+00,1.633333414793014526e-01,0.000000000000000000e+00,-1.574277877807617188e-03,1.667656004428863525e-03,-2.166099101305007935e-02
0.000000000000000000e+00,2.177777886390686035e-01,0.000000000000000000e+00,-1.421838998794555664e-03,1.728937029838562012e-03,-2.195686846971511841e-02
0.000000000000000000e+00,2.722222208976745605e-01,0.000000000000000000e+00,-1.250237226486206055e-03,1.770839095115661621e-03,-2.235034853219985962e-02
0.000000000000000000e+00,3.266666531562805176e-01,0.000000000000000000e+00,-1.033008098602294922e-03,1.791998744010925293e-03,-2.289465814828872681e-02
0.000000000000000000e+00,3.811111152172088623e-01,0.000000000000000000e+00,-7.626116275787353516e-04,1.795053482055664062e-03,-2.250111848115921021e-02
0.000000000000000000e+00,4.355555772781372070e-01,0.000000000000000000e+00,-4.836320877075195312e-04,1.918390393257141113e-03,1.741496920585632324e-01
0.000000000000000000e+00,4.900000095367431641e-01,0.000000000000000000e+00,-3.349184989929199219e-04,1.728408038616180420e-03,1.010326147079467773e+00
0.000000000000000000e+00,5.099999904632568359e-01,0.000000000000000000e+00,-3.599226474761962891e-04,1.328669488430023193e-03,7.951499819755554199e-01
0.000000000000000000e+00,5.644444227218627930e-01,0.000000000000000000e+00,-2.010464668273925781e-04,1.093715429306030273e-03,2.548342347145080566e-01
0.000000000000000000e+00,6.188888549804687500e-01,0.000000000000000000e+00,-3.409385681152343750e-05,1.145496964454650879e-03,1.275221258401870728e-02
0.000000000000000000e+00,6.733333468437194824e-01,0.000000000000000000e+00,9.667873382568359375e-05,1.068450510501861572e-03,-1.402630656957626343e-02
0.000000000000000000e+00,7.277777791023254395e-01,0.000000000000000000e+00,1.970231533050537109e-04,8.940771222114562988e-04,-7.201381027698516846e-03
0.000000000000000000e+00,7.822222113609313965e-01,0.000000000000000000e+00,2.871751785278320312e-04,8.940175175666809082e-04,-3.493465483188629150e-03
0.000000000000000000e+00,8.366666436195373535e-01,0.000000000000000000e+00,4.512071609497070312e-04,1.207754015922546387e-03,-1.668207347393035889e-03
0.000000000000000000e+00,8.911111354827880859e-01,0.000000000000000000e+00,6.762444972991943359e-04,1.727983355522155762e-03,-4.160478711128234863e-04
0.000000000000000000e+00,9.455555677413940430e-01,0.000000000000000000e+00,9.260177612304687500e-04,2.336591482162475586e-03,6.258562207221984863e-04
0.000000000000000000e+00,1.000000000000000000e+00,0.000000000000000000e+00,1.182079315185546875e-03,2.976380288600921631e-03,1.557953655719757080e-03
5.000000074505805969e-02,0.000000000000000000e+00,0.000000000000000000e+00,-1.952618360519409180e-03,1.421369612216949463e-03,-2.109735459089279175e-02
5.000000074505805969e-02,5.444444715976715088e-02,0.000000000000000000e+00,-1.841366291046142578e-03,1.509182155132293701e-03,-2.123970538377761841e-02
5.000000074505805969e-02,1.088888943195343018e-01,0.000000000000000000e+00,-1.717984676361083984e-03,1.590162515640258789e-03,-2.142585068941116333e-02
5.000000074505805969e-02,1.633333414793014526e-01,0.000000000000000000e+00,-1.580297946929931641e-03,1.663513481616973877e-03,-2.166133373975753784e-02
5.000000074505805969e-02,2.177777886390686035e-01,0.000000000000000000e+00,-1.427352428436279297e-03,1.725092530250549316e-03,-2.195618301630020142e-02
5.000000074505805969e-02,2.722222208976745605e-01,0.000000000000000000e+00,-1.255035400390625000e-03,1.767389476299285889e-03,-2.234949916601181030e-02
5.000000074505805969e-02,3.266666531562805176e-01,0.000000000000000000e+00,-1.036643981933593750e-03,1.789107918739318848e-03,-2.289529889822006226e-02
5.000000074505805969e-02,3.811111152172088623e-01,0.000000000000000000e+00,-7.649660110473632812e-04,1.792915165424346924e-03,-2.250479906797409058e-02
5.000000074505805969e-02,4.355555772781372070e-01,0.000000000000000000e+00,-4.878938198089599609e-04,1.910179853439331055e-03,1.750410795211791992e-01
5.000000074505805969e-02,4.900000095367431641e-01,0.000000000000000000e+00,-3.450512886047363281e-04,1.705683767795562744e-03,1.009960293769836426e+00
5.000000074505805969e-02,5.099999904632568359e-01,0.000000000000000000e+00,-3.673434257507324219e-04,1.312218606472015381e-03,7.950295209884643555e-01
5.000000074505805969e-02,5.644444227218627930e-01,0.000000000000000000e+00,-2.048015594482421875e-04,1.086421310901641846e-03,2.553188204765319824e-01
5.000000074505805969e-02,6.188888549804687500e-01,0.000000000000000000e+00,-3.671646118164062500e-05,1.141086220741271973e-03,1.290688663721084595e-02
5.000000074505805969e-02,6.733333468437194824e-01,0.000000000000000000e+00,1.025497913360595703e-04,1.082733273506164551e-03,-1.401027292013168335e-02
5.000000074505805969e-02,7.277777791023254395e-01,0.000000000000000000e+00,2.154111862182617188e-04,9.359121322631835938e-04,-7.186628878116607666e-03
5.000000074505805969e-02,7.822222113609313965e-01,0.000000000000000000e+00,3.140568733215332031e-04,9.535253047943115234e-04,-3.463439643383026123e-03
5.000000074505805969e-02,8.366666436195373535e-01,0.000000000000000000e+00,4.814863204956054688e-04,1.273714005947113037e-03,-1.633189618587493896e-03
5.000000074505805969e-02,8.911111354827880859e-01,0.000000000000000000e+00,7.078051567077636719e-04,1.795113086700439453e-03,-3.805384039878845215e-04
5.000000074505805969e-02,9.455555677413940430e-01,0.000000000000000000e+00,9.578466415405273438e-04,2.403184771537780762e-03,6.585046648979187012e-04
5.000000074505805969e-02,1.000000000000000000e+00,0.000000000000000000e+00,1.213908195495605469e-03,3.041535615921020508e-03,1.587487757205963135e-03
1.000000014901161194e-01,0.000000000000000000e+00,0.000000000000000000e+00,-1.957952976226806641e-03,1.418478786945343018e-03,-2.109729498624801636e-02
1.000000014901161194e-01,5.444444715976715088e-02,0.000000000000000000e+00,-1.847118139266967773e-03,1.505784690380096436e-03,-2.123915404081344604e-02
1.000000014901161194e-01,1.088888943195343018e-01,0.000000000000000000e+00,-1.723766326904296875e-03,1.586489379405975342e-03,-2.142562717199325562e-02
1.000000014901161194e-01,1.633333414793014526e-01,0.000000000000000000e+00,-1.585662364959716797e-03,1.659661531448364258e-03,-2.166036516427993774e-02
1.000000014901161194e-01,2.177777886390686035e-01,0.000000000000000000e+00,-1.432418823242187500e-03,1.721404492855072021e-03,-2.195631712675094604e-02
1.000000014901161194e-01,2.722222208976745605e-01,0.000000000000000000e+00,-1.259356737136840820e-03,1.763939857482910156e-03,-2.235015481710433960e-02
1.000000014901161194e-01,3.266666531562805176e-01,0.000000000000000000e+00,-1.040160655975341797e-03,1.786276698112487793e-03,-2.289619296789169312e-02
1.000000014901161194e-01,3.811111152172088623e-01,0.000000000000000000e+00,-7.669329643249511719e-04,1.790881156921386719e-03,-2.250812202692031860e-02
1.000000014901161194e-01,4.355555772781372070e-01,0.000000000000000000e+00,-4.913806915283203125e-04,1.903444528579711914e-03,1.756834983825683594e-01
1.000000014901161194e-01,4.900000095367431641e-01,0.000000000000000000e+00,-3.525614738464355469e-04,1.688599586486816406e-03,1.009980559349060059e+00
1.000000014901161194e-01,5.099999904632568359e-01,0.000000000000000000e+00,-3.733634948730468750e-04,1.298442482948303223e-03,7.952300310134887695e-01
1.000000014901161194e-01,5.644444227218627930e-01,0.000000000000000000e+00,-2.085566520690917969e-04,1.078851521015167236e-03,2.558768391609191895e-01
1.000000014901161194e-01,6.188888549804687500e-01,0.000000000000000000e+00,-3.978610038757324219e-05,1.135766506195068359e-03,1.307722181081771851e-02
1.000000014901161194e-01,6.733333468437194824e-01,0.000000000000000000e+00,1.071691513061523438e-04,1.094356179237365723e-03,-1.399349421262741089e-02
1.000000014901161194e-01,7.277777791023254395e-01,0.000000000000000000e+00,2.321004867553710938e-04,9.733140468597412109e-04,-7.175423204898834229e-03
1.000000014901161194e-01,7.822222113609313965e-01,0.000000000000000000e+00,3.384947776794433594e-04,1.007534563541412354e-03,-3.437988460063934326e-03
1.000000014901161194e-01,8.366666436195373535e-01,0.000000000000000000e+00,5.092918872833251953e-04,1.333810389041900635e-03,-1.603119075298309326e-03
1.000000014901161194e-01,8.911111354827880859e-01,0.000000000000000000e+00,7.365942001342773438e-04,1.856319606304168701e-03,-3.510192036628723145e-04
1.000000014901161194e-01,9.455555677413940430e-01,0.000000000000000000e+00,9.868443012237548828e-04,2.463422715663909912e-03,6.860271096229553223e-04
1.000000014901161194e-01,1.000000000000000000e+00,0.000000000000000000e+00,1.242876052856445312e-03,3.100119531154632568e-03,1.612164080142974854e-03
1.500000059604644775e-01,0.000000000000000000e+00,0.000000000000000000e+00,-1.963019371032714844e-03,1.415804028511047363e-03,-2.109608799219131470e-02
1.500000059604644775e-01,5.444444715976715088e-02,0.000000000000000000e+00,-1.852273941040039062e-03,1.502498984336853027e-03,-2.123915404081344604e-02
1.500000059604644775e-01,1.088888943195343018e-01,0.000000000000000000e+00,-1.729071140289306641e-03,1.582942903041839600e-03,-2.142620831727981567e-02
1.500000059604644775e-01,1.633333414793014526e-01,0.000000000000000000e+00,-1.591116189956665039e-03,1.656107604503631592e-03,-2.166118472814559937e-02
1.500000059604644775e-01,2.177777886390686035e-01,0.000000000000000000e+00,-1.437246799468994141e-03,1.717790961265563965e-03,-2.195628732442855835e-02
1.500000059604644775e-01,2.722222208976745605e-01,0.000000000000000000e+00,-1.263558864593505859e-03,1.760706305503845215e-03,-2.235061675310134888e-02
1.500000059604644775e-01,3.266666531562805176e-01,0.000000000000000000e+00,-1.043319702148437500e-03,1.783639192581176758e-03,-2.289681881666183472e-02
1.500000059604644775e-01,3.811111152172088623e-01,0.000000000000000000e+00,-7.690191268920898438e-04,1.788862049579620361e-03,-2.251083403825759888e-02
1.500000059604644775e-01,4.355555772781372070e-01,0.000000000000000000e+00,-4.938244819641113281e-04,1.898325979709625244e-03,1.761147379875183105e-01
1.500000059604644775e-01,4.900000095367431641e-01,0.000000000000000000e+00,-3.578364849090576172e-04,1.675963401794433594e-03,1.010328531265258789e+00
1.500000059604644775e-01,5.099999904632568359e-01,0.000000000000000000e+00,-3.781318664550781250e-04,1.287281513214111328e-03,7.957005500793457031e-01
1.500000059604644775e-01,5.644444227218627930e-01,0.000000000000000000e+00,-2.124309539794921875e-04,1.070789992809295654e-03,2.564958631992340088e-01
1.500000059604644775e-01,6.188888549804687500e-01,0.000000000000000000e+00,-4.303455352783203125e-05,1.129403710365295410e-03,1.325996965169906616e-02
1.500000059604644775e-01,6.733333468437194824e-01,0.000000000000000000e+00,1.109838485717773438e-04,1.103781163692474365e-03,-1.397452503442764282e-02
1.500000059604644775e-01,7.277777791023254395e-01,0.000000000000000000e+00,2.470016479492187500e-04,1.006841659545898438e-03,-7.166691124439239502e-03
1.500000059604644775e-01,7.822222113609313965e-01,0.000000000000000000e+00,3.610253334045410156e-04,1.056596636772155762e-03,-3.417380154132843018e-03
1.500000059604644775e-01,8.366666436195373535e-01,0.000000000000000000e+00,5.349218845367431641e-04,1.388728618621826172e-03,-1.577503979206085205e-03
1.500000059604644775e-01,8.911111354827880859e-01,0.000000000000000000e+00,7.631182670593261719e-04,1.912139356136322021e-03,-3.260448575019836426e-04
1.500000059604644775e-01,9.455555677413940430e-01,0.000000000000000000e+00,1.013487577438354492e-03,2.517901360988616943e-03,7.084533572196960449e-04
1.500000059604644775e-01,1.000000000000000000e+00,0.000000000000000000e+00,1.269578933715820312e-03,3.152966499328613281e-03,1.632712781429290771e-03
2.000000029802322388e-01,0.000000000000000000e+00,0.000000000000000000e+00,-1.967549324035644531e-03,1.413434743881225586e-03,-2.109587937593460083e-02
2.000000029802322388e-01,5.444444715976715088e-02,0.000000000000000000e+00,-1.857191324234008789e-03,1.499608159065246582e-03,-2.123967558145523071e-02
2.000000029802322388e-01,1.088888943195343018e-01,0.000000000000000000e+00,-1.734077930450439453e-03,1.579679548740386963e-03,-2.142683416604995728e-02
2.000000029802322388e-01,1.633333414793014526e-01,0.000000000000000000e+00,-1.595765352249145508e-03,1.652583479881286621e-03,-2.166181057691574097e-02
2.000000029802322388e-01,2.177777886390686035e-01,0.000000000000000000e+00,-1.441836357116699219e-03,1.714490354061126709e-03,-2.195725589990615845e-02
2.000000029802322388e-01,2.722222208976745605e-01,0.000000000000000000e+00,-1.267492771148681641e-03,1.757584512233734131e-03,-2.235039323568344116e-02
2.000000029802322388e-01,3.266666531562805176e-01,0.000000000000000000e+00,-1.046419143676757812e-03,1.781031489372253418e-03,-2.289813011884689331e-02
2.000000029802322388e-01,3.811111152172088623e-01,0.000000000000000000e+00,-7.708072662353515625e-04,1.787006855010986328e-03,-2.251387387514114380e-02
2.000000029802322388e-01,4.355555772781372070e-01,0.000000000000000000e+00,-4.958510398864746094e-04,1.894459128379821777e-03,1.763693988323211670e-01
2.000000029802322388e-01,4.900000095367431641e-01,0.000000000000000000e+00,-3.615319728851318359e-04,1.666918396949768066e-03,1.010952115058898926e+00
2.000000029802322388e-01,5.099999904632568359e-01,0.000000000000000000e+00,-3.821253776550292969e-04,1.277789473533630371e-03,7.963963747024536133e-01
2.000000029802322388e-01,5.644444227218627930e-01,0.000000000000000000e+00,-2.162158489227294922e-04,1.061990857124328613e-03,2.571649849414825439e-01
2.000000029802322388e-01,6.188888549804687500e-01,0.000000000000000000e+00,-4.640221595764160156e-05,1.122377812862396240e-03,1.345597952604293823e-02
2.000000029802322388e-01,6.733333468437194824e-01,0.000000000000000000e+00,1.141726970672607422e-04,1.111209392547607422e-03,-1.395419985055923462e-02
2.000000029802322388e-01,7.277777791023254395e-01,0.000000000000000000e+00,2.607107162475585938e-04,1.036986708641052246e-03,-7.160432636737823486e-03
2.000000029802322388e-01,7.822222113609313965e-01,0.000000000000000000e+00,3.817081451416015625e-04,1.101456582546234131e-03,-3.400303423404693604e-03
2.000000029802322388e-01,8.366666436195373535e-01,0.000000000000000000e+00,5.585849285125732422e-04,1.438990235328674316e-03,-1.556821167469024658e-03
2.000000029802322388e-01,8.911111354827880859e-01,0.000000000000000000e+00,7.877349853515625000e-04,1.962885260581970215e-03,-3.056302666664123535e-04
2.000000029802322388e-01,9.455555677413940430e-01,0.000000000000000000e+00,1.038163900375366211e-03,2.567522227764129639e-03,7.264539599418640137e-04
2.000000029802322388e-01,1.000000000000000000e+00,0.000000000000000000e+00,1.293957233428955078e-03,3.200881183147430420e-03,1.648403704166412354e-03
2.500000000000000000e-01,0.000000000000000000e+00,0.000000000000000000e+00,-1.971989870071411133e-03,1.411378383636474609e-03,-2.109517902135848999e-02
2.500000000000000000e-01,5.444444715976715088e-02,0.000000000000000000e+00,-1.861631870269775391e-03,1.497074961662292480e-03,-2.123925834894180298e-02
2.500000000000000000e-01,1.088888943195343018e-01,0.000000000000000000e+00,-1.738727092742919922e-03,1.576676964759826660e-03,-2.142750471830368042e-02
2.500000000000000000e-01,1.633333414793014526e-01,0.000000000000000000e+00,-1.600265502929687500e-03,1.649387180805206299e-03,-2.166294306516647339e-02
2.500000000000000000e-01,2.177777886390686035e-01,0.000000000000000000e+00,-1.445829868316650391e-03,1.711249351501464844e-03,-2.195823937654495239e-02
2.500000000000000000e-01,2.722222208976745605e-01,0.000000000000000000e+00,-1.271158456802368164e-03,1.754686236381530762e-03,-2.235134690999984741e-02
2.500000000000000000e-01,3.266666531562805176e-01,0.000000000000000000e+00,-1.049220561981201172e-03,1.778677105903625488e-03,-2.289915829896926880e-02
2.500000000000000000e-01,3.811111152172088623e-01,0.000000000000000000e+00,-7.725358009338378906e-04,1.785106956958770752e-03,-2.251654118299484253e-02
2.500000000000000000e-01,4.355555772781372070e-01,0.000000000000000000e+00,-4.973113536834716797e-04,1.891538500785827637e-03,1.764837205410003662e-01
2.500000000000000000e-01,4.900000095367431641e-01,0.000000000000000000e+00,-3.639161586761474609e-04,1.660481095314025879e-03,1.011796474456787109e+00
2.500000000000000000e-01,5.099999904632568359e-01,0.000000000000000000e+00,-3.855228424072265625e-04,1.269206404685974121e-03,7.972747087478637695e-01
2.500000000000000000e-01,5.644444227218627930e-01,0.000000000000000000e+00,-2.204775810241699219e-04,1.052454113960266113e-03,2.578707039356231689e-01
2.500000000000000000e-01,6.188888549804687500e-01,0.000000000000000000e+00,-4.994869232177734375e-05,1.114368438720703125e-03,1.366143673658370972e-02
2.500000000000000000e-01,6.733333468437194824e-01,0.000000000000000000e+00,1.166462898254394531e-04,1.117035746574401855e-03,-1.393229514360427856e-02
2.500000000000000000e-01,7.277777791023254395e-01,0.000000000000000000e+00,2.729892730712890625e-04,1.064285635948181152e-03,-7.156156003475189209e-03
2.500000000000000000e-01,7.822222113609313965e-01,0.000000000000000000e+00,4.007220268249511719e-04,1.142740249633789062e-03,-3.386415541172027588e-03
2.500000000000000000e-01,8.366666436195373535e-01,0.000000000000000000e+00,5.805492401123046875e-04,1.485176384449005127e-03,-1.539029181003570557e-03
2.500000000000000000e-01,8.911111354827880859e-01,0.000000000000000000e+00,8.104145526885986328e-04,2.009525895118713379e-03,-2.884492278099060059e-04
2.500000000000000000e-01,9.455555677413940430e-01,0.000000000000000000e+00,1.061081886291503906e-03,2.612918615341186523e-03,7.416233420372009277e-04
2.500000000000000000e-01,1.000000000000000000e+00,0.000000000000000000e+00,1.316666603088378906e-03,3.244698047637939453e-03,1.660294830799102783e-03
3.000000119209289551e-01,0.000000000000000000e+00,0.000000000000000000e+00,-1.975715160369873047e-03,1.409560441970825195e-03,-2.109517902135848999e-02
3.000000119209289551e-01,5.444444715976715088e-02,0.000000000000000000e+00,-1.865983009338378906e-03,1.494556665420532227e-03,-2.123979479074478149e-02
3.000000119209289551e-01,1.088888943195343018e-01,0.000000000000000000e+00,-1.743137836456298828e-03,1.573920249938964844e-03,-2.142866700887680054e-02
3.000000119209289551e-01,1.633333414793014526e-01,0.000000000000000000e+00,-1.604765653610229492e-03,1.646339893341064453e-03,-2.166385203599929810e-02
3.000000119209289551e-01,2.177777886390686035e-01,0.000000000000000000e+00,-1.449644565582275391e-03,1.708142459392547607e-03,-2.195876091718673706e-02
3.000000119209289551e-01,2.722222208976745605e-01,0.000000000000000000e+00,-1.274526119232177734e-03,1.751743257045745850e-03,-2.235273271799087524e-02
3.000000119209289551e-01,3.266666531562805176e-01,0.000000000000000000e+00,-1.051962375640869141e-03,1.776345074176788330e-03,-2.289987355470657349e-02
3.000000119209289551e-01,3.811111152172088623e-01,0.000000000000000000e+00,-7.740855216979980469e-04,1.783438026905059814e-03,-2.251809090375900269e-02
3.000000119209289551e-01,4.355555772781372070e-01,0.000000000000000000e+00,-4.982948303222656250e-04,1.889482140541076660e-03,1.764922738075256348e-01
3.000000119209289551e-01,4.900000095367431641e-01,0.000000000000000000e+00,-3.653764724731445312e-04,1.655817031860351562e-03,1.012814521789550781e+00
3.000000119209289551e-01,5.099999904632568359e-01,0.000000000000000000e+00,-3.886222839355468750e-04,1.261115074157714844e-03,7.982914447784423828e-01
3.000000119209289551e-01,5.644444227218627930e-01,0.000000000000000000e+00,-2.247393131256103516e-04,1.042038202285766602e-03,2.586034834384918213e-01
3.000000119209289551e-01,6.188888549804687500e-01,0.000000000000000000e+00,-5.364418029785156250e-05,1.105695962905883789e-03,1.387719064950942993e-02
3.000000119209289551e-01,6.733333468437194824e-01,0.000000000000000000e+00,1.187026500701904297e-04,1.121468842029571533e-03,-1.390809565782546997e-02
3.000000119209289551e-01,7.277777791023254395e-01,0.000000000000000000e+00,2.843737602233886719e-04,1.088663935661315918e-03,-7.153876125812530518e-03
3.000000119209289551e-01,7.822222113609313965e-01,0.000000000000000000e+00,4.187226295471191406e-04,1.180619001388549805e-03,-3.374837338924407959e-03
3.000000119209289551e-01,8.366666436195373535e-01,0.000000000000000000e+00,6.012320518493652344e-04,1.527965068817138672e-03,-1.523561775684356689e-03
3.000000119209289551e-01,8.911111354827880859e-01,0.000000000000000000e+00,8.316338062286376953e-04,2.052821218967437744e-03,-2.740249037742614746e-04
3.000000119209289551e-01,9.455555677413940430e-01,0.000000000000000000e+00,1.082211732864379883e-03,2.654694020748138428e-03,7.534399628639221191e-04
3.000000119209289551e-01,1.000000000000000000e+00,0.000000000000000000e+00,1.337587833404541016e-03,3.284461796283721924e-03,1.669712364673614502e-03
3.499999940395355225e-01,0.000000000000000000e+00,0.000000000000000000e+00,-1.979231834411621094e-03,1.408047974109649658e-03,-2.109607309103012085e-02
3.499999940395355225e-01,5.444444715976715088e-02,0.000000000000000000e+00,-1.869797706604003906e-03,1.492388546466827393e-03,-2.124125510454177856e-02
3.499999940395355225e-01,1.088888943195343018e-01,0.000000000000000000e+00,-1.747012138366699219e-03,1.571290194988250732e-03,-2.142956107854843140e-02
3.499999940395355225e-01,1.633333414793014526e-01,0.000000000000000000e+00,-1.608490943908691406e-03,1.643612980842590332e-03,-2.166520804166793823e-02
3.499999940395355225e-01,2.177777886390686035e-01,0.000000000000000000e+00,-1.453459262847900391e-03,1.705400645732879639e-03,-2.196019142866134644e-02
3.499999940395355225e-01,2.722222208976745605e-01,0.000000000000000000e+00,-1.277625560760498047e-03,1.749046146869659424e-03,-2.235432714223861694e-02
3.499999940395355225e-01,3.266666531562805176e-01,0.000000000000000000e+00,-1.054495573043823242e-03,1.774042844772338867e-03,-2.290096133947372437e-02
3.499999940395355225e-01,3.811111152172088623e-01,0.000000000000000000e+00,-7.756948471069335938e-04,1.781798899173736572e-03,-2.252066880464553833e-02
3.499999940395355225e-01,4.355555772781372070e-01,0.000000000000000000e+00,-4.988610744476318359e-04,1.888051629066467285e-03,1.764278709888458252e-01
3.499999940395355225e-01,4.900000095367431641e-01,0.000000000000000000e+00,-3.664493560791015625e-04,1.652039587497711182e-03,1.013958096504211426e+00
3.499999940395355225e-01,5.099999904632568359e-01,0.000000000000000000e+00,-3.914237022399902344e-04,1.253016293048858643e-03,7.994103431701660156e-01
3.499999940395355225e-01,5.644444227218627930e-01,0.000000000000000000e+00,-2.294182777404785156e-04,1.030690968036651611e-03,2.593511939048767090e-01
3.499999940395355225e-01,6.188888549804687500e-01,0.000000000000000000e+00,-5.748867988586425781e-05,1.096338033676147461e-03,1.410026103258132935e-02
3.499999940395355225e-01,6.733333468437194824e-01,0.000000000000000000e+00,1.202821731567382812e-04,1.124523580074310303e-03,-1.388192921876907349e-02
3.499999940395355225e-01,7.277777791023254395e-01,0.000000000000000000e+00,2.949237823486328125e-04,1.111112534999847412e-03,-7.152639329433441162e-03
3.499999940395355225e-01,7.822222113609313965e-01,0.000000000000000000e+00,4.353821277618408203e-04,1.215845346450805664e-03,-3.366328775882720947e-03
3.499999940395355225e-01,8.366666436195373535e-01,0.000000000000000000e+00,6.203055381774902344e-04,1.567766070365905762e-03,-1.511715352535247803e-03
3.499999940395355225e-01,8.911111354827880859e-01,0.000000000000000000e+00,8.516907691955566406e-04,2.092666923999786377e-03,-2.627149224281311035e-04
3.499999940395355225e-01,9.455555677413940430e-01,0.000000000000000000e+00,1.102030277252197266e-03,2.693168818950653076e-03,7.629916071891784668e-04
3.499999940395355225e-01,1.000000000000000000e+00,0.000000000000000000e+00,1.357316970825195312e-03,3.321133553981781006e-03,1.676537096500396729e-03
4.000000059604644775e-01,0.000000000000000000e+00,0.000000000000000000e+00,-1.982688903808593750e-03,1.406699419021606445e-03,-2.109619230031967163e-02
4.000000059604644775e-01,5.444444715976715088e-02,0.000000000000000000e+00,-1.873433589935302734e-03,1.490429043769836426e-03,-2.124171704053878784e-02
4.000000059604644775e-01,1.088888943195343018e-01,0.000000000000000000e+00,-1.750707626342773438e-03,1.568749547004699707e-03,-2.143137902021408081e-02
4.000000059604644775e-01,1.633333414793014526e-01,0.000000000000000000e+00,-1.612037420272827148e-03,1.640863716602325439e-03,-2.166677266359329224e-02
4.000000059604644775e-01,2.177777886390686035e-01,0.000000000000000000e+00,-1.456797122955322266e-03,1.702673733234405518e-03,-2.196157723665237427e-02
4.000000059604644775e-01,2.722222208976745605e-01,0.000000000000000000e+00,-1.280546188354492188e-03,1.746483147144317627e-03,-2.235559374094009399e-02
4.000000059604644775e-01,3.266666531562805176e-01,0.000000000000000000e+00,-1.056671142578125000e-03,1.771733164787292480e-03,-2.290267497301101685e-02
4.000000059604644775e-01,3.811111152172088623e-01,0.000000000000000000e+00,-7.771551609039306641e-04,1.780070364475250244e-03,-2.252236753702163696e-02
4.000000059604644775e-01,4.355555772781372070e-01,0.000000000000000000e+00,-4.990994930267333984e-04,1.887105405330657959e-03,1.763216257095336914e-01
4.000000059604644775e-01,4.900000095367431641e-01,0.000000000000000000e+00,-3.671646118164062500e-04,1.648575067520141602e-03,1.015180945396423340e+00
4.000000059604644775e-01,5.099999904632568359e-01,0.000000000000000000e+00,-3.944337368011474609e-04,1.244381070137023926e-03,8.005924224853515625e-01
4.000000059604644775e-01,5.644444227218627930e-01,0.000000000000000000e+00,-2.341866493225097656e-04,1.018345355987548828e-03,2.601035833358764648e-01
4.000000059604644775e-01,6.188888549804687500e-01,0.000000000000000000e+00,-6.175041198730468750e-05,1.086339354515075684e-03,1.432969421148300171e-02
4.000000059604644775e-01,6.733333468437194824e-01,0.000000000000000000e+00,1.216530799865722656e-04,1.126587390899658203e-03,-1.385312527418136597e-02
4.000000059604644775e-01,7.277777791023254395e-01,0.000000000000000000e+00,3.046095371246337891e-04,1.131743192672729492e-03,-7.152207195758819580e-03
4.000000059604644775e-01,7.822222113609313965e-01,0.000000000000000000e+00,4.509687423706054688e-04,1.248985528945922852e-03,-3.358609974384307861e-03
4.000000059604644775e-01,8.366666436195373535e-01,0.000000000000000000e+00,6.385445594787597656e-04,1.605093479156494141e-03,-1.501582562923431396e-03
4.000000059604644775e-01,8.911111354827880859e-01,0.000000000000000000e+00,8.704066276550292969e-04,2.130225300788879395e-03,-2.522841095924377441e-04
4.000000059604644775e-01,9.455555677413940430e-01,0.000000000000000000e+00,1.120567321777343750e-03,2.729237079620361328e-03,7.700547575950622559e-04
4.000000059604644775e-01,1.000000000000000000e+00,0.000000000000000000e+00,1.375734806060791016e-03,3.355316817760467529e-03,1.681692898273468018e-03
4.499999880790710449e-01,0.000000000000000000e+00,0.000000000000000000e+00,-1.985847949981689453e-03,1.405663788318634033e-03,-2.109692245721817017e-02
4.499999880790710449e-01,5.444444715976715088e-02,0.000000000000000000e+00,-1.876831054687500000e-03,1.488663256168365479e-03,-2.124401181936264038e-02
4.499999880790710449e-01,1.088888943195343018e-01,0.000000000000000000e+00,-1.754164695739746094e-03,1.566663384437561035e-03,-2.143264561891555786e-02
4.499999880790710449e-01,1.633333414793014526e-01,0.000000000000000000e+00,-1.615405082702636719e-03,1.638360321521759033e-03,-2.166802436113357544e-02
4.499999880790710449e-01,2.177777886390686035e-01,0.000000000000000000e+00,-1.459926366806030273e-03,1.700125634670257568e-03,-2.196358889341354370e-02
4.499999880790710449e-01,2.722222208976745605e-01,0.000000000000000000e+00,-1.283288002014160156e-03,1.744128763675689697e-03,-2.235726267099380493e-02
4.499999880790710449e-01,3.266666531562805176e-01,0.000000000000000000e+00,-1.058936119079589844e-03,1.769654452800750732e-03,-2.290428429841995239e-02
4.499999880790710449e-01,3.811111152172088623e-01,0.000000000000000000e+00,-7.785856723785400391e-04,1.778408885002136230e-03,-2.252341061830520630e-02
4.499999880790710449e-01,4.355555772781372070e-01,0.000000000000000000e+00,-4.992485046386718750e-04,1.886531710624694824e-03,1.762037873268127441e-01
4.499999880790710449e-01,4.900000095367431641e-01,0.000000000000000000e+00,-3.680586814880371094e-04,1.644745469093322754e-03,1.016445159912109375e+00
4.499999880790710449e-01,5.099999904632568359e-01,0.000000000000000000e+00,-3.976821899414062500e-04,1.235045492649078369e-03,8.018033504486083984e-01
4.499999880790710449e-01,5.644444227218627930e-01,0.000000000000000000e+00,-2.395808696746826172e-04,1.004770398139953613e-03,2.608510851860046387e-01
4.499999880790710449e-01,6.188888549804687500e-01,0.000000000000000000e+00,-6.586313247680664062e-05,1.075856387615203857e-03,1.456452161073684692e-02
4.499999880790710449e-01,6.733333468437194824e-01,0.000000000000000000e+00,1.224577426910400391e-04,1.127712428569793701e-03,-1.382306963205337524e-02
4.499999880790710449e-01,7.277777791023254395e-01,0.000000000000000000e+00,3.137588500976562500e-04,1.150935888290405273e-03,-7.152222096920013428e-03
4.499999880790710449e-01,7.822222113609313965e-01,0.000000000000000000e+00,4.660487174987792969e-04,1.279823482036590576e-03,-3.352604806423187256e-03
4.499999880790710449e-01,8.366666436195373535e-01,0.000000000000000000e+00,6.558299064636230469e-04,1.640290021896362305e-03,-1.492328941822052002e-03
4.499999880790710449e-01,8.911111354827880859e-01,0.000000000000000000e+00,8.883774280548095703e-04,2.165585756301879883e-03,-2.442523837089538574e-04
4.499999880790710449e-01,9.455555677413940430e-01,0.000000000000000000e+00,1.138389110565185547e-03,2.763055264949798584e-03,7.768496870994567871e-04
4.499999880790710449e-01,1.000000000000000000e+00,0.000000000000000000e+00,1.393139362335205078e-03,3.387063741683959961e-03,1.685447990894317627e-03
5.000000000000000000e-01,0.000000000000000000e+00,0.000000000000000000e+00,-1.988768577575683594e-03,1.404777169227600098e-03,-2.109730988740921021e-02
5.000000000000000000e-01,5.444444715976715088e-02,0.000000000000000000e+00,-1.879900693893432617e-03,1.487232744693756104e-03,-2.124524861574172974e-02
5.000000000000000000e-01,1.088888943195343018e-01,0.000000000000000000e+00,-1.757442951202392578e-03,1.564770936965942383e-03,-2.143502980470657349e-02
5.000000000000000000e-01,1.633333414793014526e-01,0.000000000000000000e+00,-1.618534326553344727e-03,1.636199653148651123e-03,-2.167040854692459106e-02
5.000000000000000000e-01,2.177777886390686035e-01,0.000000000000000000e+00,-1.462906599044799805e-03,1.697763800621032715e-03,-2.196528762578964233e-02
5.000000000000000000e-01,2.722222208976745605e-01,0.000000000000000000e+00,-1.285791397094726562e-03,1.741707324981689453e-03,-2.235881239175796509e-02
5.000000000000000000e-01,3.266666531562805176e-01,0.000000000000000000e+00,-1.061022281646728516e-03,1.767672598361968994e-03,-2.290574461221694946e-02
5.000000000000000000e-01,3.811111152172088623e-01,0.000000000000000000e+00,-7.798075675964355469e-04,1.776799559593200684e-03,-2.252427488565444946e-02
5.000000000000000000e-01,4.355555772781372070e-01,0.000000000000000000e+00,-4.992783069610595703e-04,1.886017620563507080e-03,1.761039495468139648e-01
5.000000000000000000e-01,4.900000095367431641e-01,0.000000000000000000e+00,-3.691613674163818359e-04,1.640021800994873047e-03,1.017706155776977539e+00
5.000000000000000000e-01,5.099999904632568359e-01,0.000000000000000000e+00,-4.014670848846435547e-04,1.224189996719360352e-03,8.030056953430175781e-01
5.000000000000000000e-01,5.644444227218627930e-01,0.000000000000000000e+00,-2.453327178955078125e-04,9.903311729431152344e-04,2.615830302238464355e-01
5.000000000000000000e-01,6.188888549804687500e-01,0.000000000000000000e+00,-7.039308547973632812e-05,1.064889132976531982e-03,1.480238884687423706e-02
5.000000000000000000e-01,6.733333468437194824e-01,0.000000000000000000e+00,1.232028007507324219e-04,1.128390431404113770e-03,-1.379048079252243042e-02
5.000000000000000000e-01,7.277777791023254395e-01,0.000000000000000000e+00,3.224611282348632812e-04,1.168876886367797852e-03,-7.152445614337921143e-03
5.000000000000000000e-01,7.822222113609313965e-01,0.000000000000000000e+00,4.804134368896484375e-04,1.309476792812347412e-03,-3.347404301166534424e-03
5.000000000000000000e-01,8.366666436195373535e-01,0.000000000000000000e+00,6.725192070007324219e-04,1.673847436904907227e-03,-1.484312117099761963e-03
5.000000000000000000e-01,8.911111354827880859e-01,0.000000000000000000e+00,9.055733680725097656e-04,2.199083566665649414e-03,-2.369508147239685059e-04
5.000000000000000000e-01,9.455555677413940430e-01,0.000000000000000000e+00,1.155555248260498047e-03,2.795033156871795654e-03,7.814988493919372559e-04
5.000000000000000000e-01,1.000000000000000000e+00,0.000000000000000000e+00,1.410126686096191406e-03,3.417082130908966064e-03,1.688368618488311768e-03
5.099999904632568359e-01,0.000000000000000000e+00,0.000000000000000000e+00,-1.989305019378662109e-03,1.404657959938049316e-03,-2.109763771295547485e-02
5.099999904632568359e-01,5.000000074505805969e-02,0.000000000000000000e+00,-1.889944076538085938e-03,1.480460166931152344e-03,-2.123206108808517456e-02
5.099999904632568359e-01,1.000000014901161194e-01,0.000000000000000000e+00,-1.779079437255859375e-03,1.552157104015350342e-03,-2.140156179666519165e-02
5.099999904632568359e-01,1.500000059604644775e-01,0.000000000000000000e+00,-1.654863357543945312e-03,1.618981361389160156e-03,-2.160876244306564331e-02
5.099999904632568359e-01,2.000000029802322388e-01,0.000000000000000000e+00,-1.516282558441162109e-03,1.678720116615295410e-03,-2.186239510774612427e-02
5.099999904632568359e-01,2.500000000000000000e-01,0.000000000000000000e+00,-1.362055540084838867e-03,1.726008951663970947e-03,-2.218271046876907349e-02
5.099999904632568359e-01,3.000000119209289551e-01,0.000000000000000000e+00,-1.180678606033325195e-03,1.755781471729278564e-03,-2.262037247419357300e-02
5.099999904632568359e-01,3.499999940395355225e-01,0.000000000000000000e+00,-9.405314922332763672e-04,1.777134835720062256e-03,-2.311430126428604126e-02
5.099999904632568359e-01,4.000000059604644775e-01,0.000000000000000000e+00,-7.048249244689941406e-04,1.754760742187500000e-03,-1.834952086210250854e-02
5.099999904632568359e-01,4.500000178813934326e-01,0.000000000000000000e+00,-4.541575908660888672e-04,1.931808888912200928e-03,5.761307477951049805e-01
5.099999904632568359e-01,5.000000000000000000e-01,0.000000000000000000e+00,-3.921389579772949219e-04,1.408301293849945068e-03,9.160248041152954102e-01
5.099999904632568359e-01,5.499999523162841797e-01,0.000000000000000000e+00,-2.950429916381835938e-04,9.933337569236755371e-04,3.839492797851562500e-01
5.099999904632568359e-01,6.000000238418579102e-01,0.000000000000000000e+00,-1.382529735565185547e-04,1.012064516544342041e-03,6.311061233282089233e-02
5.099999904632568359e-01,6.499999761581420898e-01,0.000000000000000000e+00,3.838539123535156250e-05,1.118481159210205078e-03,-1.235359162092208862e-02
5.099999904632568359e-01,6.999999880790710449e-01,0.000000000000000000e+00,2.272427082061767578e-04,1.145362854003906250e-03,-1.054976135492324829e-02
5.099999904632568359e-01,7.500000000000000000e-01,0.000000000000000000e+00,3.898739814758300781e-04,1.208022236824035645e-03,-5.210272967815399170e-03
5.099999904632568359e-01,8.000000119209289551e-01,0.000000000000000000e+00,5.402863025665283203e-04,1.410588622093200684e-03,-2.619497478008270264e-03
5.099999904632568359e-01,8.500000238418579102e-01,0.000000000000000000e+00,7.300674915313720703e-04,1.798495650291442871e-03,-1.143433153629302979e-03
5.099999904632568359e-01,8.999999761581420898e-01,0.000000000000000000e+00,9.490847587585449219e-04,2.299979329109191895e-03,-5.842000246047973633e-05
5.099999904632568359e-01,9.499999880790710449e-01,0.000000000000000000e+00,1.179546117782592773e-03,2.851411700248718262e-03,8.598789572715759277e-04
5.099999904632568359e-01,1.000000000000000000e+00,0.000000000000000000e+00,1.413315534591674805e-03,3.422878682613372803e-03,1.689217984676361084e-03
5.644444227218627930e-01,0.000000000000000000e+00,0.000000000000000000e+00,-1.991987228393554688e-03,1.404084265232086182e-03,-2.109897881746292114e-02
5.644444227218627930e-01,5.000000074505805969e-02,0.000000000000000000e+00,-1.892805099487304688e-03,1.479215919971466064e-03,-2.123378962278366089e-02
5.644444227218627930e-01,1.000000014901161194e-01,0.000000000000000000e+00,-1.782238483428955078e-03,1.550354063510894775e-03,-2.140372246503829956e-02
5.644444227218627930e-01,1.500000059604644775e-01,0.000000000000000000e+00,-1.657903194427490234e-03,1.616805791854858398e-03,-2.161114662885665894e-02
5.644444227218627930e-01,2.000000029802322388e-01,0.000000000000000000e+00,-1.519262790679931641e-03,1.676328480243682861e-03,-2.186409384012222290e-02
5.644444227218627930e-01,2.500000000000000000e-01,0.000000000000000000e+00,-1.364827156066894531e-03,1.723609864711761475e-03,-2.218542248010635376e-02
5.644444227218627930e-01,3.000000119209289551e-01,0.000000000000000000e+00,-1.183092594146728516e-03,1.753531396389007568e-03,-2.262271195650100708e-02
5.644444227218627930e-01,3.499999940395355225e-01,0.000000000000000000e+00,-9.424090385437011719e-04,1.775160431861877441e-03,-2.311605960130691528e-02
5.644444227218627930e-01,4.000000059604644775e-01,0.000000000000000000e+00,-7.057785987854003906e-04,1.753076910972595215e-03,-1.835007220506668091e-02
5.644444227218627930e-01,4.500000178813934326e-01,0.000000000000000000e+00,-4.528164863586425781e-04,1.933462917804718018e-03,5.762931704521179199e-01
5.644444227218627930e-01,5.000000000000000000e-01,0.000000000000000000e+00,-3.957748413085937500e-04,1.397319138050079346e-03,9.173289537429809570e-01
5.644444227218627930e-01,5.499999523162841797e-01,0.000000000000000000e+00,-3.020167350769042969e-04,9.756311774253845215e-04,3.848618268966674805e-01
5.644444227218627930e-01,6.000000238418579102e-01,0.000000000000000000e+00,-1.440048217773437500e-04,9.970739483833312988e-04,6.351571530103683472e-02
5.644444227218627930e-01,6.499999761581420898e-01,0.000000000000000000e+00,3.606081008911132812e-05,1.111827790737152100e-03,-1.225074380636215210e-02
5.644444227218627930e-01,6.999999880790710449e-01,0.000000000000000000e+00,2.319216728210449219e-04,1.154489815235137939e-03,-1.054301112890243530e-02
5.644444227218627930e-01,7.500000000000000000e-01,0.000000000000000000e+00,4.017353057861328125e-04,1.232758164405822754e-03,-5.209542810916900635e-03
5.644444227218627930e-01,8.000000119209289551e-01,0.000000000000000000e+00,5.562305450439453125e-04,1.443125307559967041e-03,-2.613089978694915771e-03
5.644444227218627930e-01,8.500000238418579102e-01,0.000000000000000000e+00,7.476508617401123047e-04,1.833736896514892578e-03,-1.135461032390594482e-03
5.644444227218627930e-01,8.999999761581420898e-01,0.000000000000000000e+00,9.668469429016113281e-04,2.334721386432647705e-03,-5.183368921279907227e-05
5.644444227218627930e-01,9.499999880790710449e-01,0.000000000000000000e+00,1.197367906570434570e-03,2.884469926357269287e-03,8.648112416267395020e-04
5.644444227218627930e-01,1.000000000000000000e+00,0.000000000000000000e+00,1.430749893188476562e-03,3.453820943832397461e-03,1.691617071628570557e-03
6.188888549804687500e-01,0.000000000000000000e+00,0.000000000000000000e+00,-1.994520425796508789e-03,1.403711736202239990e-03,-2.110040932893753052e-02
6.188888549804687500e-01,5.000000074505805969e-02,0.000000000000000000e+00,-1.895725727081298828e-03,1.478306949138641357e-03,-2.123611420392990112e-02
6.188888549804687500e-01,1.000000014901161194e-01,0.000000000000000000e+00,-1.785039901733398438e-03,1.548863947391510010e-03,-2.140673249959945679e-02
6.188888549804687500e-01,1.500000059604644775e-01,0.000000000000000000e+00,-1.660913228988647461e-03,1.615002751350402832e-03,-2.161415666341781616e-02
6.188888549804687500e-01,2.000000029802322388e-01,0.000000000000000000e+00,-1.522123813629150391e-03,1.674167811870574951e-03,-2.186686545610427856e-02
6.188888549804687500e-01,2.500000000000000000e-01,0.000000000000000000e+00,-1.367330551147460938e-03,1.721195876598358154e-03,-2.218847721815109253e-02
6.188888549804687500e-01,3.000000119209289551e-01,0.000000000000000000e+00,-1.185268163681030273e-03,1.751303672790527344e-03,-2.262515574693679810e-02
6.188888549804687500e-01,3.499999940395355225e-01,0.000000000000000000e+00,-9.440183639526367188e-04,1.773141324520111084e-03,-2.311789244413375854e-02
6.188888549804687500e-01,4.000000059604644775e-01,0.000000000000000000e+00,-7.069706916809082031e-04,1.751407980918884277e-03,-1.834658533334732056e-02
6.188888549804687500e-01,4.500000178813934326e-01,0.000000000000000000e+00,-4.519224166870117188e-04,1.934379339218139648e-03,5.765595436096191406e-01
6.188888549804687500e-01,5.000000000000000000e-01,0.000000000000000000e+00,-4.005432128906250000e-04,1.384131610393524170e-03,9.185376167297363281e-01
6.188888549804687500e-01,5.499999523162841797e-01,0.000000000000000000e+00,-3.096461296081542969e-04,9.562224149703979492e-04,3.857122659683227539e-01
6.188888549804687500e-01,6.000000238418579102e-01,0.000000000000000000e+00,-1.505017280578613281e-04,9.812563657760620117e-04,6.391265243291854858e-02
6.188888549804687500e-01,6.499999761581420898e-01,0.000000000000000000e+00,3.349781036376953125e-05,1.104861497879028320e-03,-1.214485615491867065e-02
6.188888549804687500e-01,6.999999880790710449e-01,0.000000000000000000e+00,2.362430095672607422e-04,1.163043081760406494e-03,-1.053515821695327759e-02
6.188888549804687500e-01,7.500000000000000000e-01,0.000000000000000000e+00,4.132091999053955078e-04,1.256369054317474365e-03,-5.208037793636322021e-03
6.188888549804687500e-01,8.000000119209289551e-01,0.000000000000000000e+00,5.720555782318115234e-04,1.475058495998382568e-03,-2.607353031635284424e-03
6.188888549804687500e-01,8.500000238418579102e-01,0.000000000000000000e+00,7.649660110473632812e-04,1.868069171905517578e-03,-1.128114759922027588e-03
6.188888549804687500e-01,8.999999761581420898e-01,0.000000000000000000e+00,9.844005107879638672e-04,2.368316054344177246e-03,-4.500895738601684570e-05
6.188888549804687500e-01,9.499999880790710449e-01,0.000000000000000000e+00,1.214563846588134766e-03,2.916269004344940186e-03,8.695349097251892090e-04
6.188888549804687500e-01,1.000000000000000000e+00,0.000000000000000000e+00,1.447737216949462891e-03,3.483846783638000488e-03,1.694150269031524658e-03
6.733333468437194824e-01,0.000000000000000000e+00,0.000000000000000000e+00,-1.996755599975585938e-03,1.403860747814178467e-03,-2.110194414854049683e-02
6.733333468437194824e-01,5.000000074505805969e-02,0.000000000000000000e+00,-1.898229122161865234e-03,1.477546989917755127e-03,-2.123903483152389526e-02
6.733333468437194824e-01,1.000000014901161194e-01,0.000000000000000000e+00,-1.787841320037841797e-03,1.547500491142272949e-03,-2.140938490629196167e-02
6.733333468437194824e-01,1.500000059604644775e-01,0.000000000000000000e+00,-1.663446426391601562e-03,1.613244414329528809e-03,-2.161703258752822876e-02
6.733333468437194824e-01,2.000000029802322388e-01,0.000000000000000000e+00,-1.524567604064941406e-03,1.672200858592987061e-03,-2.187000960111618042e-02
6.733333468437194824e-01,2.500000000000000000e-01,0.000000000000000000e+00,-1.369833946228027344e-03,1.719087362289428711e-03,-2.219093590974807739e-02
6.733333468437194824e-01,3.000000119209289551e-01,0.000000000000000000e+00,-1.187264919281005859e-03,1.749113202095031738e-03,-2.262840420007705688e-02
6.733333468437194824e-01,3.499999940395355225e-01,0.000000000000000000e+00,-9.456276893615722656e-04,1.771315932273864746e-03,-2.312029153108596802e-02
6.733333468437194824e-01,4.000000059604644775e-01,0.000000000000000000e+00,-7.080733776092529297e-04,1.749828457832336426e-03,-1.833788305521011353e-02
6.733333468437194824e-01,4.500000178813934326e-01,0.000000000000000000e+00,-4.514455795288085938e-04,1.934260129928588867e-03,5.769827961921691895e-01
6.733333468437194824e-01,5.000000000000000000e-01,0.000000000000000000e+00,-4.062056541442871094e-04,1.367859542369842529e-03,9.196020364761352539e-01
6.733333468437194824e-01,5.499999523162841797e-01,0.000000000000000000e+00,-3.179609775543212891e-04,9.348168969154357910e-04,3.864836096763610840e-01
6.733333468437194824e-01,6.000000238418579102e-01,0.000000000000000000e+00,-1.568794250488281250e-04,9.649917483329772949e-04,6.429607421159744263e-02
6.733333468437194824e-01,6.499999761581420898e-01,0.000000000000000000e+00,3.105401992797851562e-05,1.097768545150756836e-03,-1.203567534685134888e-02
6.733333468437194824e-01,6.999999880790710449e-01,0.000000000000000000e+00,2.408623695373535156e-04,1.171037554740905762e-03,-1.052509993314743042e-02
6.733333468437194824e-01,7.500000000000000000e-01,0.000000000000000000e+00,4.247725009918212891e-04,1.279570162296295166e-03,-5.206368863582611084e-03
6.733333468437194824e-01,8.000000119209289551e-01,0.000000000000000000e+00,5.875825881958007812e-04,1.506514847278594971e-03,-2.600930631160736084e-03
6.733333468437194824e-01,8.500000238418579102e-01,0.000000000000000000e+00,7.817149162292480469e-04,1.901641488075256348e-03,-1.119829714298248291e-03
6.733333468437194824e-01,8.999999761581420898e-01,0.000000000000000000e+00,1.001656055450439453e-03,2.401441335678100586e-03,-3.806501626968383789e-05
6.733333468437194824e-01,9.499999880790710449e-01,0.000000000000000000e+00,1.231729984283447266e-03,2.947837114334106445e-03,8.746013045310974121e-04
6.733333468437194824e-01,1.000000000000000000e+00,0.000000000000000000e+00,1.464426517486572266e-03,3.513149917125701904e-03,1.697562634944915771e-03
7.277777791023254395e-01,0.000000000000000000e+00,0.000000000000000000e+00,-1.998841762542724609e-03,1.404002308845520020e-03,-2.110379189252853394e-02
7.277777791023254395e-01,5.000000074505805969e-02,0.000000000000000000e+00,-1.900553703308105469e-03,1.477181911468505859e-03,-2.124202996492385864e-02
7.277777791023254395e-01,1.000000014901161194e-01,0.000000000000000000e+00,-1.790314912796020508e-03,1.546464860439300537e-03,-2.141261845827102661e-02
7.277777791023254395e-01,1.500000059604644775e-01,0.000000000000000000e+00,-1.665949821472167969e-03,1.611754298210144043e-03,-2.162098139524459839e-02
7.277777791023254395e-01,2.000000029802322388e-01,0.000000000000000000e+00,-1.527041196823120117e-03,1.670308411121368408e-03,-2.187348157167434692e-02
7.277777791023254395e-01,2.500000000000000000e-01,0.000000000000000000e+00,-1.371890306472778320e-03,1.717001199722290039e-03,-2.219466120004653931e-02
7.277777791023254395e-01,3.000000119209289551e-01,0.000000000000000000e+00,-1.189231872558593750e-03,1.747198402881622314e-03,-2.263125032186508179e-02
7.277777791023254395e-01,3.499999940395355225e-01,0.000000000000000000e+00,-9.470880031585693359e-04,1.769550144672393799e-03,-2.312254160642623901e-02
7.277777791023254395e-01,4.000000059604644775e-01,0.000000000000000000e+00,-7.092356681823730469e-04,1.748114824295043945e-03,-1.832420378923416138e-02
7.277777791023254395e-01,4.500000178813934326e-01,0.000000000000000000e+00,-4.514455795288085938e-04,1.932360231876373291e-03,5.776129364967346191e-01
7.277777791023254395e-01,5.000000000000000000e-01,0.000000000000000000e+00,-4.133582115173339844e-04,1.348778605461120605e-03,9.204897880554199219e-01
7.277777791023254395e-01,5.499999523162841797e-01,0.000000000000000000e+00,-3.270506858825683594e-04,9.117573499679565430e-04,3.871600627899169922e-01
7.277777791023254395e-01,6.000000238418579102e-01,0.000000000000000000e+00,-1.638233661651611328e-04,9.476691484451293945e-04,6.466177850961685181e-02
7.277777791023254395e-01,6.499999761581420898e-01,0.000000000000000000e+00,2.849102020263671875e-05,1.090370118618011475e-03,-1.192379742860794067e-02
7.277777791023254395e-01,6.999999880790710449e-01,0.000000000000000000e+00,2.450346946716308594e-04,1.179255545139312744e-03,-1.051380485296249390e-02
7.277777791023254395e-01,7.500000000000000000e-01,0.000000000000000000e+00,4.360079765319824219e-04,1.302734017372131348e-03,-5.203939974308013916e-03
7.277777791023254395e-01,8.000000119209289551e-01,0.000000000000000000e+00,6.027817726135253906e-04,1.537486910820007324e-03,-2.593971788883209229e-03
7.277777791023254395e-01,8.500000238418579102e-01,0.000000000000000000e+00,7.985830307006835938e-04,1.935087144374847412e-03,-1.111589372158050537e-03
7.277777791023254395e-01,8.999999761581420898e-01,0.000000000000000000e+00,1.018911600112915039e-03,2.434328198432922363e-03,-3.079324960708618164e-05
7.277777791023254395e-01,9.499999880790710449e-01,0.000000000000000000e+00,1.248657703399658203e-03,2.979107201099395752e-03,8.801743388175964355e-04
7.277777791023254395e-01,1.000000000000000000e+00,0.000000000000000000e+00,1.481056213378906250e-03,3.542348742485046387e-03,1.701332628726959229e-03
7.822222113609313965e-01,0.000000000000000000e+00,0.000000000000000000e+00,-2.000689506530761719e-03,1.404508948326110840e-03,-2.110592275857925415e-02
7.822222113609313965e-01,5.000000074505805969e-02,0.000000000000000000e+00,-1.902580261230468750e-03,1.476839184761047363e-03,-2.124463766813278198e-02
7.822222113609313965e-01,1.000000014901161194e-01,0.000000000000000000e+00,-1.792490482330322266e-03,1.545771956443786621e-03,-2.141665667295455933e-02
7.822222113609313965e-01,1.500000059604644775e-01,0.000000000000000000e+00,-1.668184995651245117e-03,1.610450446605682373e-03,-2.162430435419082642e-02
7.822222113609313965e-01,2.000000029802322388e-01,0.000000000000000000e+00,-1.529216766357421875e-03,1.668699085712432861e-03,-2.187798172235488892e-02
7.822222113609313965e-01,2.500000000000000000e-01,0.000000000000000000e+00,-1.374006271362304688e-03,1.715272665023803711e-03,-2.219798415899276733e-02
7.822222113609313965e-01,3.000000119209289551e-01,0.000000000000000000e+00,-1.191079616546630859e-03,1.745201647281646729e-03,-2.263488620519638062e-02
7.822222113609313965e-01,3.499999940395355225e-01,0.000000000000000000e+00,-9.486675262451171875e-04,1.767672598361968994e-03,-2.312508970499038696e-02
7.822222113609313965e-01,4.000000059604644775e-01,0.000000000000000000e+00,-7.103383541107177734e-04,1.746289432048797607e-03,-1.830459386110305786e-02
7.822222113609313965e-01,4.500000178813934326e-01,0.000000000000000000e+00,-4.522800445556640625e-04,1.929000020027160645e-03,5.784990191459655762e-01
7.822222113609313965e-01,5.000000000000000000e-01,0.000000000000000000e+00,-4.218816757202148438e-04,1.326113939285278320e-03,9.211602210998535156e-01
7.822222113609313965e-01,5.499999523162841797e-01,0.000000000000000000e+00,-3.368854522705078125e-04,8.870214223861694336e-04,3.877248764038085938e-01
7.822222113609313965e-01,6.000000238418579102e-01,0.000000000000000000e+00,-1.707971096038818359e-04,9.297803044319152832e-04,6.500682979822158813e-02
7.822222113609313965e-01,6.499999761581420898e-01,0.000000000000000000e+00,2.580881118774414062e-05,1.082897186279296875e-03,-1.180960983037948608e-02
7.822222113609313965e-01,6.999999880790710449e-01,0.000000000000000000e+00,2.496242523193359375e-04,1.187413930892944336e-03,-1.050091534852981567e-02
7.822222113609313965e-01,7.500000000000000000e-01,0.000000000000000000e+00,4.473328590393066406e-04,1.325979828834533691e-03,-5.200617015361785889e-03
7.822222113609313965e-01,8.000000119209289551e-01,0.000000000000000000e+00,6.181001663208007812e-04,1.568838953971862793e-03,-2.585880458354949951e-03
7.822222113609313965e-01,8.500000238418579102e-01,0.000000000000000000e+00,8.156597614288330078e-04,1.968666911125183105e-03,-1.102067530155181885e-03
7.822222113609313965e-01,8.999999761581420898e-01,0.000000000000000000e+00,1.036047935485839844e-03,2.467617392539978027e-03,-2.185255289077758789e-05
7.822222113609313965e-01,9.499999880790710449e-01,0.000000000000000000e+00,1.265734434127807617e-03,3.010541200637817383e-03,8.875057101249694824e-04
7.822222113609313965e-01,1.000000000000000000e+00,0.000000000000000000e+00,1.497834920883178711e-03,3.571659326553344727e-03,1.706443727016448975e-03
8.366666436195373535e-01,0.000000000000000000e+00,0.000000000000000000e+00,-2.002358436584472656e-03,1.405172049999237061e-03,-2.110835164785385132e-02
8.366666436195373535e-01,5.000000074505805969e-02,0.000000000000000000e+00,-1.904517412185668945e-03,1.476839184761047363e-03,-2.124825865030288696e-02
8.366666436195373535e-01,1.000000014901161194e-01,0.000000000000000000e+00,-1.794487237930297852e-03,1.545086503028869629e-03,-2.142050117254257202e-02
8.366666436195373535e-01,1.500000059604644775e-01,0.000000000000000000e+00,-1.670330762863159180e-03,1.609250903129577637e-03,-2.162887901067733765e-02
8.366666436195373535e-01,2.000000029802322388e-01,0.000000000000000000e+00,-1.531392335891723633e-03,1.667268574237823486e-03,-2.188184112310409546e-02
8.366666436195373535e-01,2.500000000000000000e-01,0.000000000000000000e+00,-1.376062631607055664e-03,1.713447272777557373e-03,-2.220255881547927856e-02
8.366666436195373535e-01,3.000000119209289551e-01,0.000000000000000000e+00,-1.192629337310791016e-03,1.743406057357788086e-03,-2.263952046632766724e-02
8.366666436195373535e-01,3.499999940395355225e-01,0.000000000000000000e+00,-9.501576423645019531e-04,1.765914261341094971e-03,-2.312865108251571655e-02
8.366666436195373535e-01,4.000000059604644775e-01,0.000000000000000000e+00,-7.115304470062255859e-04,1.744292676448822021e-03,-1.827857643365859985e-02
8.366666436195373535e-01,4.500000178813934326e-01,0.000000000000000000e+00,-4.539489746093750000e-04,1.923292875289916992e-03,5.796838402748107910e-01
8.366666436195373535e-01,5.000000000000000000e-01,0.000000000000000000e+00,-4.319846630096435547e-04,1.299716532230377197e-03,9.215801954269409180e-01
8.366666436195373535e-01,5.499999523162841797e-01,0.000000000000000000e+00,-3.476440906524658203e-04,8.601546287536621094e-04,3.881623744964599609e-01
8.366666436195373535e-01,6.000000238418579102e-01,0.000000000000000000e+00,-1.782774925231933594e-04,9.113997220993041992e-04,6.532595306634902954e-02
8.366666436195373535e-01,6.499999761581420898e-01,0.000000000000000000e+00,2.333521842956542969e-05,1.075640320777893066e-03,-1.169448345899581909e-02
8.366666436195373535e-01,6.999999880790710449e-01,0.000000000000000000e+00,2.540647983551025391e-04,1.195855438709259033e-03,-1.048582047224044800e-02
8.366666436195373535e-01,7.500000000000000000e-01,0.000000000000000000e+00,4.588663578033447266e-04,1.349404454231262207e-03,-5.195803940296173096e-03
8.366666436195373535e-01,8.000000119209289551e-01,0.000000000000000000e+00,6.337165832519531250e-04,1.600287854671478271e-03,-2.576999366283416748e-03
8.366666436195373535e-01,8.500000238418579102e-01,0.000000000000000000e+00,8.327364921569824219e-04,2.002581954002380371e-03,-1.091621816158294678e-03
8.366666436195373535e-01,8.999999761581420898e-01,0.000000000000000000e+00,1.053452491760253906e-03,2.501085400581359863e-03,-1.186877489089965820e-05
8.366666436195373535e-01,9.499999880790710449e-01,0.000000000000000000e+00,1.282930374145507812e-03,3.042504191398620605e-03,8.953288197517395020e-04
8.366666436195373535e-01,1.000000000000000000e+00,0.000000000000000000e+00,1.514613628387451172e-03,3.601498901844024658e-03,1.712866127490997314e-03
8.911111354827880859e-01,0.000000000000000000e+00,0.000000000000000000e+00,-2.003610134124755859e-03,1.406066119670867920e-03,-2.111151069402694702e-02
8.911111354827880859e-01,5.000000074505805969e-02,0.000000000000000000e+00,-1.906037330627441406e-03,1.477174460887908936e-03,-2.125167101621627808e-02
8.911111354827880859e-01,1.000000014901161194e-01,0.000000000000000000e+00,-1.796305179595947266e-03,1.544773578643798828e-03,-2.142465859651565552e-02
8.911111354827880859e-01,1.500000059604644775e-01,0.000000000000000000e+00,-1.672267913818359375e-03,1.608490943908691406e-03,-2.163279801607131958e-02
8.911111354827880859e-01,2.000000029802322388e-01,0.000000000000000000e+00,-1.533269882202148438e-03,1.665882766246795654e-03,-2.188599854707717896e-02
8.911111354827880859e-01,2.500000000000000000e-01,0.000000000000000000e+00,-1.377820968627929688e-03,1.711852848529815674e-03,-2.220622450113296509e-02
8.911111354827880859e-01,3.000000119209289551e-01,0.000000000000000000e+00,-1.194417476654052734e-03,1.741506159305572510e-03,-2.264372259378433228e-02
8.911111354827880859e-01,3.499999940395355225e-01,0.000000000000000000e+00,-9.512901306152343750e-04,1.764036715030670166e-03,-2.313203364610671997e-02
8.911111354827880859e-01,4.000000059604644775e-01,0.000000000000000000e+00,-7.126331329345703125e-04,1.742497086524963379e-03,-1.824494451284408569e-02
8.911111354827880859e-01,4.500000178813934326e-01,0.000000000000000000e+00,-4.568696022033691406e-04,1.915350556373596191e-03,5.812110900878906250e-01
8.911111354827880859e-01,5.000000000000000000e-01,0.000000000000000000e+00,-4.439949989318847656e-04,1.269385218620300293e-03,9.217118024826049805e-01
8.911111354827880859e-01,5.499999523162841797e-01,0.000000000000000000e+00,-3.591775894165039062e-04,8.316636085510253906e-04,3.884598612785339355e-01
8.911111354827880859e-01,6.000000238418579102e-01,0.000000000000000000e+00,-1.860260963439941406e-04,8.923485875129699707e-04,6.561607867479324341e-02
8.911111354827880859e-01,6.499999761581420898e-01,0.000000000000000000e+00,2.080202102661132812e-05,1.068480312824249268e-03,-1.157737523317337036e-02
8.911111354827880859e-01,6.999999880790710449e-01,0.000000000000000000e+00,2.588927745819091797e-04,1.204662024974822998e-03,-1.046862453222274780e-02
8.911111354827880859e-01,7.500000000000000000e-01,0.000000000000000000e+00,4.706084728240966797e-04,1.373454928398132324e-03,-5.189768970012664795e-03
8.911111354827880859e-01,8.000000119209289551e-01,0.000000000000000000e+00,6.495118141174316406e-04,1.632437109947204590e-03,-2.566732466220855713e-03
8.911111354827880859e-01,8.500000238418579102e-01,0.000000000000000000e+00,8.500814437866210938e-04,2.037309110164642334e-03,-1.079656183719635010e-03
8.911111354827880859e-01,8.999999761581420898e-01,0.000000000000000000e+00,1.071214675903320312e-03,2.535447478294372559e-03,-3.501772880554199219e-07
8.911111354827880859e-01,9.499999880790710449e-01,0.000000000000000000e+00,1.300543546676635742e-03,3.075346350669860840e-03,9.057745337486267090e-04
8.911111354827880859e-01,1.000000000000000000e+00,0.000000000000000000e+00,1.531898975372314453e-03,3.632366657257080078e-03,1.721449196338653564e-03
9.455555677413940430e-01,0.000000000000000000e+00,0.000000000000000000e+00,-2.004861831665039062e-03,1.407280564308166504e-03,-2.111398428678512573e-02
9.455555677413940430e-01,5.000000074505805969e-02,0.000000000000000000e+00,-1.907587051391601562e-03,1.477584242820739746e-03,-2.125582844018936157e-02
9.455555677413940430e-01,1.000000014901161194e-01,0.000000000000000000e+00,-1.797914505004882812e-03,1.544475555419921875e-03,-2.142933756113052368e-02
9.455555677413940430e-01,1.500000059604644775e-01,0.000000000000000000e+00,-1.673996448516845703e-03,1.607693731784820557e-03,-2.163747698068618774e-02
9.455555677413940430e-01,2.000000029802322388e-01,0.000000000000000000e+00,-1.535028219223022461e-03,1.664742827415466309e-03,-2.189042419195175171e-02
9.455555677413940430e-01,2.500000000000000000e-01,0.000000000000000000e+00,-1.379549503326416016e-03,1.710340380668640137e-03,-2.221111208200454712e-02
9.455555677413940430e-01,3.000000119209289551e-01,0.000000000000000000e+00,-1.195818185806274414e-03,1.739732921123504639e-03,-2.264820784330368042e-02
9.455555677413940430e-01,3.499999940395355225e-01,0.000000000000000000e+00,-9.526312351226806641e-04,1.762166619300842285e-03,-2.313571423292160034e-02
9.455555677413940430e-01,4.000000059604644775e-01,0.000000000000000000e+00,-7.139444351196289062e-04,1.740321516990661621e-03,-1.820299774408340454e-02
9.455555677413940430e-01,4.500000178813934326e-01,0.000000000000000000e+00,-4.608035087585449219e-04,1.904964447021484375e-03,5.831208229064941406e-01
9.455555677413940430e-01,5.000000000000000000e-01,0.000000000000000000e+00,-4.577040672302246094e-04,1.235000789165496826e-03,9.215269088745117188e-01
9.455555677413940430e-01,5.499999523162841797e-01,0.000000000000000000e+00,-3.714263439178466797e-04,8.011236786842346191e-04,3.886001110076904297e-01
9.455555677413940430e-01,6.000000238418579102e-01,0.000000000000000000e+00,-1.937747001647949219e-04,8.728206157684326172e-04,6.587290018796920776e-02
9.455555677413940430e-01,6.499999761581420898e-01,0.000000000000000000e+00,1.841783523559570312e-05,1.061424612998962402e-03,-1.146029680967330933e-02
9.455555677413940430e-01,6.999999880790710449e-01,0.000000000000000000e+00,2.637505531311035156e-04,1.214146614074707031e-03,-1.044922322034835815e-02
9.455555677413940430e-01,7.500000000000000000e-01,0.000000000000000000e+00,4.827082157135009766e-04,1.398138701915740967e-03,-5.181856453418731689e-03
9.455555677413940430e-01,8.000000119209289551e-01,0.000000000000000000e+00,6.654858589172363281e-04,1.665323972702026367e-03,-2.554617822170257568e-03
9.455555677413940430e-01,8.500000238418579102e-01,0.000000000000000000e+00,8.678436279296875000e-04,2.072989940643310547e-03,-1.065708696842193604e-03
9.455555677413940430e-01,8.999999761581420898e-01,0.000000000000000000e+00,1.089572906494140625e-03,2.570927143096923828e-03,1.306086778640747070e-05
9.455555677413940430e-01,9.499999880790710449e-01,0.000000000000000000e+00,1.318633556365966797e-03,3.109231591224670410e-03,9.180977940559387207e-04
9.455555677413940430e-01,1.000000000000000000e+00,0.000000000000000000e+00,1.549601554870605469e-03,3.664359450340270996e-03,1.731805503368377686e-03
1.000000000000000000e+00,0.000000000000000000e+00,0.000000000000000000e+00,-2.005934715270996094e-03,1.408837735652923584e-03,-2.111764997243881226e-02
1.000000000000000000e+00,5.000000074505805969e-02,0.000000000000000000e+00,-1.909017562866210938e-03,1.478180289268493652e-03,-2.125955373048782349e-02
1.000000000000000000e+00,1.000000014901161194e-01,0.000000000000000000e+00,-1.799464225769042969e-03,1.544579863548278809e-03,-2.143379300832748413e-02
1.000000000000000000e+00,1.500000059604644775e-01,0.000000000000000000e+00,-1.675575971603393555e-03,1.607216894626617432e-03,-2.164267748594284058e-02
1.000000000000000000e+00,2.000000029802322388e-01,0.000000000000000000e+00,-1.536607742309570312e-03,1.663751900196075439e-03,-2.189535647630691528e-02
1.000000000000000000e+00,2.500000000000000000e-01,0.000000000000000000e+00,-1.381099224090576172e-03,1.708984375000000000e-03,-2.221579104661941528e-02
1.000000000000000000e+00,3.000000119209289551e-01,0.000000000000000000e+00,-1.197189092636108398e-03,1.738213002681732178e-03,-2.265319973230361938e-02
1.000000000000000000e+00,3.499999940395355225e-01,0.000000000000000000e+00,-9.538531303405761719e-04,1.760445535182952881e-03,-2.313967794179916382e-02
1.000000000000000000e+00,4.000000059604644775e-01,0.000000000000000000e+00,-7.151365280151367188e-04,1.738145947456359863e-03,-1.815272122621536255e-02
1.000000000000000000e+00,4.500000178813934326e-01,0.000000000000000000e+00,-4.659295082092285156e-04,1.891762018203735352e-03,5.854476690292358398e-01
1.000000000000000000e+00,5.000000000000000000e-01,0.000000000000000000e+00,-4.729628562927246094e-04,1.196473836898803711e-03,9.209963083267211914e-01
1.000000000000000000e+00,5.499999523162841797e-01,0.000000000000000000e+00,-3.844499588012695312e-04,7.690936326980590820e-04,3.885713815689086914e-01
1.000000000000000000e+00,6.000000238418579102e-01,0.000000000000000000e+00,-2.019107341766357422e-04,8.527189493179321289e-04,6.609273701906204224e-02
1.000000000000000000e+00,6.499999761581420898e-01,0.000000000000000000e+00,1.609325408935546875e-05,1.054666936397552490e-03,-1.134241372346878052e-02
1.000000000000000000e+00,6.999999880790710449e-01,0.000000000000000000e+00,2.690553665161132812e-04,1.224271953105926514e-03,-1.042690128087997437e-02
1.000000000000000000e+00,7.500000000000000000e-01,0.000000000000000000e+00,4.949569702148437500e-04,1.423947513103485107e-03,-5.171768367290496826e-03
1.000000000000000000e+00,8.000000119209289551e-01,0.000000000000000000e+00,6.821155548095703125e-04,1.699656248092651367e-03,-2.540744841098785400e-03
1.000000000000000000e+00,8.500000238418579102e-01,0.000000000000000000e+00,8.859634399414062500e-04,2.109870314598083496e-03,-1.049868762493133545e-03
1.000000000000000000e+00,8.999999761581420898e-01,0.000000000000000000e+00,1.108050346374511719e-03,2.607591450214385986e-03,2.870708703994750977e-05
1.000000000000000000e+00,9.499999880790710449e-01,0.000000000000000000e+00,1.337230205535888672e-03,3.144480288028717041e-03,9.325668215751647949e-04
1.000000000000000000e+00,1.000000000000000000e+00,0.000000000000000000e+00,1.567900180816650391e-03,3.697767853736877441e-03,1.744918525218963623e-03
0.000000000000000000e+00,5.000000000000000000e-01,0.000000000000000000e+00,-3.528594970703125000e-04,1.508682966232299805e-03,9.083033800125122070e-01
5.000000074505805969e-02,5.000000000000000000e-01,0.000000000000000000e+00,-3.615915775299072266e-04,1.489058136940002441e-03,9.079902172088623047e-01
1.000000014901161194e-01,5.000000000000000000e-01,0.000000000000000000e+00,-3.683567047119140625e-04,1.473650336265563965e-03,9.080470800399780273e-01
1.500000059604644775e-01,5.000000000000000000e-01,0.000000000000000000e+00,-3.735423088073730469e-04,1.461401581764221191e-03,9.084203243255615234e-01
2.000000029802322388e-01,5.000000000000000000e-01,0.000000000000000000e+00,-3.775358200073242188e-04,1.451931893825531006e-03,9.090564250946044922e-01
2.500000000000000000e-01,5.000000000000000000e-01,0.000000000000000000e+00,-3.803372383117675781e-04,1.444153487682342529e-03,9.099066257476806641e-01
3.000000119209289551e-01,5.000000000000000000e-01,0.000000000000000000e+00,-3.827810287475585938e-04,1.437500119209289551e-03,9.109233617782592773e-01
3.499999940395355225e-01,5.000000000000000000e-01,0.000000000000000000e+00,-3.848671913146972656e-04,1.431234180927276611e-03,9.120603799819946289e-01
4.000000059604644775e-01,5.000000000000000000e-01,0.000000000000000000e+00,-3.866553306579589844e-04,1.424975693225860596e-03,9.132750034332275391e-01
4.499999880790710449e-01,5.000000000000000000e-01,0.000000000000000000e+00,-3.889501094818115234e-04,1.418046653270721436e-03,9.145283699035644531e-01
5.000000000000000000e-01,5.000000000000000000e-01,0.000000000000000000e+00,-3.914237022399902344e-04,1.410104334354400635e-03,9.157782793045043945e-01
